          776        1462
   0.0000000E+00  0.0000000E+00
    35.00000      0.0000000E+00
    35.00000       25.00000    
   0.0000000E+00   25.00000    
    50.00000      0.0000000E+00
    50.00000       25.00000    
    65.00000      0.0000000E+00
    65.00000       25.00000    
    65.00000       25.50000    
    50.00000       25.50000    
    35.00000       25.50000    
    65.00000       35.50000    
    35.00000       35.50000    
   0.0000000E+00   25.50000    
   0.0000000E+00   35.50000    
    65.00000       45.50000    
    35.00000       45.50000    
   0.0000000E+00   45.50000    
    65.00000       75.50000    
    35.00000       75.50000    
   0.0000000E+00   75.50000    
    35.00000       85.50000    
   0.0000000E+00   85.50000    
    65.00000       85.50000    
    65.00000       100.0000    
   0.0000000E+00   100.0000    
   0.0000000E+00  -100.0000    
    65.00000      -100.0000    
    100.0000       25.00000    
    100.0000       25.50000    
    100.0000       35.50000    
    100.0000      0.0000000E+00
    100.0000       100.0000    
    100.0000      -100.0000    
    300.0000       25.00000    
    300.0000       25.50000    
    300.0000       100.0000    
    300.0000      -100.0000    
    500.0000       25.00000    
    500.0000       25.50000    
    500.0000       100.0000    
    500.0000      -100.0000    
    1000.000       25.00000    
    1000.000       25.50000    
    1000.000       100.0000    
    1000.000      -100.0000    
    1000.000       250.0000    
   0.0000000E+00   250.0000    
    1000.000       500.0000    
   0.0000000E+00   500.0000    
    1000.000       1000.000    
   0.0000000E+00   1000.000    
   0.0000000E+00  -250.0000    
    1000.000      -250.0000    
   0.0000000E+00  -500.0000    
    1000.000      -500.0000    
   0.0000000E+00  -1000.000    
    1000.000      -1000.000    
    8.750000       8.333333    
    8.750000       16.66667    
    17.50000       8.333333    
    17.50000       16.66667    
    26.25000       8.333333    
    26.25000       16.66667    
    42.50000       8.333333    
    42.50000       16.66667    
    57.50000       8.333333    
    57.50000       16.66667    
    40.00000       30.50000    
    45.00000       30.50000    
    50.00000       30.50000    
    55.00000       30.50000    
    60.00000       30.50000    
    5.000000       30.50000    
    10.00000       30.50000    
    15.00000       30.50000    
    20.00000       30.50000    
    25.00000       30.50000    
    30.00000       30.50000    
    59.00000       40.50000    
    53.00000       40.50000    
    47.00000       40.50000    
    41.00000       40.50000    
    5.000000       40.50000    
    10.00000       40.50000    
    15.00000       40.50000    
    20.00000       40.50000    
    25.00000       40.50000    
    30.00000       40.50000    
    4.642857       51.50000    
    4.642857       57.50000    
    4.642857       63.50000    
    4.642857       69.50000    
    9.285714       51.50000    
    9.285714       57.50000    
    9.285714       63.50000    
    9.285714       69.50000    
    13.92857       51.50000    
    13.92857       57.50000    
    13.92857       63.50000    
    13.92857       69.50000    
    18.57143       51.50000    
    18.57143       57.50000    
    18.57143       63.50000    
    18.57143       69.50000    
    23.21428       51.50000    
    23.21428       57.50000    
    23.21428       63.50000    
    23.21428       69.50000    
    27.85714       51.50000    
    27.85714       57.50000    
    27.85714       63.50000    
    27.85714       69.50000    
    32.50000       51.50000    
    32.50000       57.50000    
    32.50000       63.50000    
    32.50000       69.50000    
    37.14286       51.50000    
    37.14286       57.50000    
    37.14286       63.50000    
    37.14286       69.50000    
    41.78571       51.50000    
    41.78571       57.50000    
    41.78571       63.50000    
    41.78571       69.50000    
    46.42857       51.50000    
    46.42857       57.50000    
    46.42857       63.50000    
    46.42857       69.50000    
    51.07143       51.50000    
    51.07143       57.50000    
    51.07143       63.50000    
    51.07143       69.50000    
    55.71429       51.50000    
    55.71429       57.50000    
    55.71429       63.50000    
    55.71429       69.50000    
    60.35714       51.50000    
    60.35714       57.50000    
    60.35714       63.50000    
    60.35714       69.50000    
    5.000000       80.50000    
    10.00000       80.50000    
    15.00000       80.50000    
    20.00000       80.50000    
    25.00000       80.50000    
    30.00000       80.50000    
    41.00000       80.50000    
    47.00000       80.50000    
    53.00000       80.50000    
    59.00000       80.50000    
    9.285714       92.75000    
    18.57143       92.75000    
    27.85714       92.75000    
    37.14286       92.75000    
    46.42857       92.75000    
    55.71429       92.75000    
    56.87500      -16.66667    
    56.87500      -33.33333    
    56.87500      -50.00000    
    56.87500      -66.66666    
    56.87500      -83.33333    
    48.75000      -16.66667    
    48.75000      -33.33333    
    48.75000      -50.00000    
    48.75000      -66.66666    
    48.75000      -83.33333    
    40.62500      -16.66667    
    40.62500      -33.33333    
    40.62500      -50.00000    
    40.62500      -66.66666    
    40.62500      -83.33333    
    32.50000      -16.66667    
    32.50000      -33.33333    
    32.50000      -50.00000    
    32.50000      -66.66666    
    32.50000      -83.33333    
    24.37500      -16.66667    
    24.37500      -33.33333    
    24.37500      -50.00000    
    24.37500      -66.66666    
    24.37500      -83.33333    
    16.25000      -16.66667    
    16.25000      -33.33333    
    16.25000      -50.00000    
    16.25000      -66.66666    
    16.25000      -83.33333    
    8.125000      -16.66667    
    8.125000      -33.33333    
    8.125000      -50.00000    
    8.125000      -66.66666    
    8.125000      -83.33333    
    70.00000       28.83333    
    70.00000       32.16667    
    75.00000       28.83333    
    75.00000       32.16667    
    80.00000       28.83333    
    80.00000       32.16667    
    85.00000       28.83333    
    85.00000       32.16667    
    90.00000       28.83333    
    90.00000       32.16667    
    95.00000       28.83333    
    95.00000       32.16667    
    70.00000       6.250000    
    70.00000       12.50000    
    70.00000       18.75000    
    75.00000       6.250000    
    75.00000       12.50000    
    75.00000       18.75000    
    80.00000       6.250000    
    80.00000       12.50000    
    80.00000       18.75000    
    85.00000       6.250000    
    85.00000       12.50000    
    85.00000       18.75000    
    90.00000       6.250000    
    90.00000       12.50000    
    90.00000       18.75000    
    95.00000       6.250000    
    95.00000       12.50000    
    95.00000       18.75000    
    73.75000       93.55000    
    82.50000       93.55000    
    91.25000       93.55000    
    73.75000       87.10000    
    82.50000       87.10000    
    91.25000       87.10000    
    73.75000       80.65000    
    82.50000       80.65000    
    91.25000       80.65000    
    73.75000       74.20000    
    82.50000       74.20000    
    91.25000       74.20000    
    73.75000       67.75000    
    82.50000       67.75000    
    91.25000       67.75000    
    73.75000       61.30000    
    82.50000       61.30000    
    91.25000       61.30000    
    73.75000       54.85000    
    82.50000       54.85000    
    91.25000       54.85000    
    73.75000       48.40000    
    82.50000       48.40000    
    91.25000       48.40000    
    73.75000       41.95000    
    82.50000       41.95000    
    91.25000       41.95000    
    76.66666      -10.00000    
    88.33334      -10.00000    
    76.66666      -20.00000    
    88.33334      -20.00000    
    76.66666      -30.00000    
    88.33334      -30.00000    
    76.66666      -40.00000    
    88.33334      -40.00000    
    76.66666      -50.00000    
    88.33334      -50.00000    
    76.66666      -60.00000    
    88.33334      -60.00000    
    76.66666      -70.00000    
    88.33334      -70.00000    
    76.66666      -80.00000    
    88.33334      -80.00000    
    76.66666      -90.00000    
    88.33334      -90.00000    
    128.5714       75.16666    
    157.1429       75.16666    
    185.7143       75.16666    
    214.2857       75.16666    
    242.8571       75.16666    
    271.4286       75.16666    
    128.5714       50.33333    
    157.1429       50.33333    
    185.7143       50.33333    
    214.2857       50.33333    
    242.8571       50.33333    
    271.4286       50.33333    
    271.4286      0.0000000E+00
    271.4286      -25.00000    
    271.4286      -50.00000    
    271.4286      -75.00000    
    242.8571      0.0000000E+00
    242.8571      -25.00000    
    242.8571      -50.00000    
    242.8571      -75.00000    
    214.2857      0.0000000E+00
    214.2857      -25.00000    
    214.2857      -50.00000    
    214.2857      -75.00000    
    185.7143      0.0000000E+00
    185.7143      -25.00000    
    185.7143      -50.00000    
    185.7143      -75.00000    
    157.1429      0.0000000E+00
    157.1429      -25.00000    
    157.1429      -50.00000    
    157.1429      -75.00000    
    128.5714      0.0000000E+00
    128.5714      -25.00000    
    128.5714      -50.00000    
    128.5714      -75.00000    
    328.5714       62.75000    
    357.1429       62.75000    
    385.7143       62.75000    
    414.2857       62.75000    
    442.8571       62.75000    
    471.4286       62.75000    
    471.4286      -16.66667    
    471.4286      -58.33334    
    442.8571      -16.66667    
    442.8571      -58.33334    
    414.2857      -16.66667    
    414.2857      -58.33334    
    385.7143      -16.66667    
    385.7143      -58.33334    
    357.1429      -16.66667    
    357.1429      -58.33334    
    328.5714      -16.66667    
    328.5714      -58.33334    
    555.5555       62.75000    
    611.1111       62.75000    
    666.6667       62.75000    
    722.2222       62.75000    
    777.7778       62.75000    
    833.3334       62.75000    
    888.8889       62.75000    
    944.4445       62.75000    
    944.4445      -16.66667    
    944.4445      -58.33334    
    888.8889      -16.66667    
    888.8889      -58.33334    
    833.3333      -16.66667    
    833.3333      -58.33334    
    777.7778      -16.66667    
    777.7778      -58.33334    
    722.2222      -16.66667    
    722.2222      -58.33334    
    666.6666      -16.66667    
    666.6666      -58.33334    
    611.1111      -16.66667    
    611.1111      -58.33334    
    555.5555      -16.66667    
    555.5555      -58.33334    
    71.42857       150.0000    
    71.42857       200.0000    
    142.8571       150.0000    
    142.8571       200.0000    
    214.2857       150.0000    
    214.2857       200.0000    
    285.7143       150.0000    
    285.7143       200.0000    
    357.1429       150.0000    
    357.1429       200.0000    
    428.5714       150.0000    
    428.5714       200.0000    
    500.0000       150.0000    
    500.0000       200.0000    
    571.4286       150.0000    
    571.4286       200.0000    
    642.8572       150.0000    
    642.8572       200.0000    
    714.2858       150.0000    
    714.2858       200.0000    
    785.7143       150.0000    
    785.7143       200.0000    
    857.1429       150.0000    
    857.1429       200.0000    
    928.5715       150.0000    
    928.5715       200.0000    
    142.8571       333.3333    
    142.8571       416.6667    
    285.7143       333.3333    
    285.7143       416.6667    
    428.5714       333.3333    
    428.5714       416.6667    
    571.4286       333.3333    
    571.4286       416.6667    
    714.2858       333.3333    
    714.2858       416.6667    
    857.1429       333.3333    
    857.1429       416.6667    
    142.8571       666.6667    
    142.8571       833.3334    
    285.7143       666.6667    
    285.7143       833.3334    
    428.5714       666.6667    
    428.5714       833.3334    
    571.4286       666.6667    
    571.4286       833.3334    
    714.2858       666.6667    
    714.2858       833.3334    
    857.1429       666.6667    
    857.1429       833.3334    
    933.3333      -150.0000    
    933.3333      -200.0000    
    866.6667      -150.0000    
    866.6667      -200.0000    
    800.0000      -150.0000    
    800.0000      -200.0000    
    733.3334      -150.0000    
    733.3334      -200.0000    
    666.6667      -150.0000    
    666.6667      -200.0000    
    600.0000      -150.0000    
    600.0000      -200.0000    
    533.3334      -150.0000    
    533.3334      -200.0000    
    466.6667      -150.0000    
    466.6667      -200.0000    
    400.0000      -150.0000    
    400.0000      -200.0000    
    333.3334      -150.0000    
    333.3334      -200.0000    
    266.6667      -150.0000    
    266.6667      -200.0000    
    200.0000      -150.0000    
    200.0000      -200.0000    
    133.3334      -150.0000    
    133.3334      -200.0000    
    66.66669      -150.0000    
    66.66669      -200.0000    
    900.0000      -312.5000    
    900.0000      -375.0000    
    900.0000      -437.5000    
    800.0000      -312.5000    
    800.0000      -375.0000    
    800.0000      -437.5000    
    700.0000      -312.5000    
    700.0000      -375.0000    
    700.0000      -437.5000    
    600.0000      -312.5000    
    600.0000      -375.0000    
    600.0000      -437.5000    
    500.0000      -312.5000    
    500.0000      -375.0000    
    500.0000      -437.5000    
    400.0000      -312.5000    
    400.0000      -375.0000    
    400.0000      -437.5000    
    300.0000      -312.5000    
    300.0000      -375.0000    
    300.0000      -437.5000    
    200.0000      -312.5000    
    200.0000      -375.0000    
    200.0000      -437.5000    
    100.0000      -312.5000    
    100.0000      -375.0000    
    100.0000      -437.5000    
    900.0000      -600.0000    
    900.0000      -700.0000    
    900.0000      -800.0000    
    900.0000      -900.0000    
    800.0000      -600.0000    
    800.0000      -700.0000    
    800.0000      -800.0000    
    800.0000      -900.0000    
    700.0000      -600.0000    
    700.0000      -700.0000    
    700.0000      -800.0000    
    700.0000      -900.0000    
    600.0000      -600.0000    
    600.0000      -700.0000    
    600.0000      -800.0000    
    600.0000      -900.0000    
    500.0000      -600.0000    
    500.0000      -700.0000    
    500.0000      -800.0000    
    500.0000      -900.0000    
    400.0000      -600.0000    
    400.0000      -700.0000    
    400.0000      -800.0000    
    400.0000      -900.0000    
    300.0000      -600.0000    
    300.0000      -700.0000    
    300.0000      -800.0000    
    300.0000      -900.0000    
    200.0000      -600.0000    
    200.0000      -700.0000    
    200.0000      -800.0000    
    200.0000      -900.0000    
    100.0000      -600.0000    
    100.0000      -700.0000    
    100.0000      -800.0000    
    100.0000      -900.0000    
    8.750000      0.0000000E+00
    17.50000      0.0000000E+00
    26.25000      0.0000000E+00
    35.00000       8.333333    
    35.00000       16.66667    
    28.00000       25.00000    
    21.00000       25.00000    
    14.00000       25.00000    
    7.000000       25.00000    
   0.0000000E+00   16.66667    
   0.0000000E+00   8.333334    
    42.50000      0.0000000E+00
    50.00000       8.333333    
    50.00000       16.66667    
    45.00000       25.00000    
    40.00000       25.00000    
    57.50000      0.0000000E+00
    65.00000       8.333333    
    65.00000       16.66667    
    60.00000       25.00000    
    55.00000       25.00000    
    61.25000       25.50000    
    57.50000       25.50000    
    53.75000       25.50000    
    46.25000       25.50000    
    42.50000       25.50000    
    38.75000       25.50000    
    65.00000       30.50000    
    59.00000       35.50000    
    53.00000       35.50000    
    47.00000       35.50000    
    41.00000       35.50000    
    35.00000       30.50000    
    30.00000       25.50000    
    25.00000       25.50000    
    20.00000       25.50000    
    15.00000       25.50000    
    10.00000       25.50000    
    5.000000       25.50000    
    30.00000       35.50000    
    25.00000       35.50000    
    20.00000       35.50000    
    15.00000       35.50000    
    10.00000       35.50000    
    5.000000       35.50000    
   0.0000000E+00   30.50000    
    59.00000       45.50000    
    53.00000       45.50000    
    47.00000       45.50000    
    41.00000       45.50000    
    35.00000       40.50000    
    30.00000       45.50000    
    25.00000       45.50000    
    20.00000       45.50000    
    15.00000       45.50000    
    10.00000       45.50000    
    5.000000       45.50000    
   0.0000000E+00   40.50000    
    65.00000       51.50000    
    65.00000       57.50000    
    65.00000       63.50000    
    65.00000       69.50000    
    59.00000       75.50000    
    53.00000       75.50000    
    47.00000       75.50000    
    41.00000       75.50000    
    30.00000       75.50000    
    25.00000       75.50000    
    20.00000       75.50000    
    15.00000       75.50000    
    10.00000       75.50000    
    5.000000       75.50000    
   0.0000000E+00   69.50000    
   0.0000000E+00   63.50000    
   0.0000000E+00   57.50000    
   0.0000000E+00   51.50000    
    35.00000       80.50000    
    28.00000       85.50000    
    21.00000       85.50000    
    14.00000       85.50000    
    7.000000       85.50000    
   0.0000000E+00   80.50000    
    65.00000       80.50000    
    57.50000       85.50000    
    50.00000       85.50000    
    42.50000       85.50000    
    65.00000       92.75000    
   0.0000000E+00   92.75000    
   0.0000000E+00  -16.66667    
   0.0000000E+00  -33.33333    
   0.0000000E+00  -50.00000    
   0.0000000E+00  -66.66666    
   0.0000000E+00  -83.33333    
    65.00000      -87.50000    
    65.00000      -75.00000    
    65.00000      -62.50000    
    65.00000      -50.00000    
    65.00000      -37.50000    
    65.00000      -25.00000    
    65.00000      -12.50000    
    70.00000       25.00000    
    75.00000       25.00000    
    80.00000       25.00000    
    85.00000       25.00000    
    90.00000       25.00000    
    95.00000       25.00000    
    95.00000       25.50000    
    90.00000       25.50000    
    85.00000       25.50000    
    80.00000       25.50000    
    75.00000       25.50000    
    70.00000       25.50000    
    93.00000       35.50000    
    86.00000       35.50000    
    79.00000       35.50000    
    72.00000       35.50000    
    72.00000      0.0000000E+00
    79.00000      0.0000000E+00
    86.00000      0.0000000E+00
    93.00000      0.0000000E+00
    100.0000       46.25000    
    100.0000       57.00000    
    100.0000       67.75000    
    100.0000       78.50000    
    100.0000       89.25000    
    100.0000      -85.71429    
    100.0000      -71.42857    
    100.0000      -57.14286    
    100.0000      -42.85714    
    100.0000      -28.57143    
    100.0000      -14.28571    
    128.5714       25.00000    
    157.1429       25.00000    
    185.7143       25.00000    
    214.2857       25.00000    
    242.8571       25.00000    
    271.4286       25.00000    
    271.4286       25.50000    
    242.8571       25.50000    
    214.2857       25.50000    
    185.7143       25.50000    
    157.1429       25.50000    
    128.5714       25.50000    
    300.0000       62.75000    
    260.0000       100.0000    
    220.0000       100.0000    
    180.0000       100.0000    
    140.0000       100.0000    
    140.0000      -100.0000    
    180.0000      -100.0000    
    220.0000      -100.0000    
    260.0000      -100.0000    
    300.0000      -68.75000    
    300.0000      -37.50000    
    300.0000      -6.250000    
    328.5714       25.00000    
    357.1429       25.00000    
    385.7143       25.00000    
    414.2857       25.00000    
    442.8571       25.00000    
    471.4286       25.00000    
    471.4286       25.50000    
    442.8571       25.50000    
    414.2857       25.50000    
    385.7143       25.50000    
    357.1429       25.50000    
    328.5714       25.50000    
    500.0000       62.75000    
    450.0000       100.0000    
    400.0000       100.0000    
    350.0000       100.0000    
    340.0000      -100.0000    
    380.0000      -100.0000    
    420.0000      -100.0000    
    460.0000      -100.0000    
    500.0000      -58.33333    
    500.0000      -16.66666    
    555.5555       25.00000    
    611.1111       25.00000    
    666.6667       25.00000    
    722.2222       25.00000    
    777.7778       25.00000    
    833.3334       25.00000    
    888.8889       25.00000    
    944.4445       25.00000    
    944.4445       25.50000    
    888.8889       25.50000    
    833.3333       25.50000    
    777.7778       25.50000    
    722.2222       25.50000    
    666.6666       25.50000    
    611.1111       25.50000    
    555.5555       25.50000    
    1000.000       62.75000    
    937.5000       100.0000    
    875.0000       100.0000    
    812.5000       100.0000    
    750.0000       100.0000    
    687.5000       100.0000    
    625.0000       100.0000    
    562.5000       100.0000    
    562.5000      -100.0000    
    625.0000      -100.0000    
    687.5000      -100.0000    
    750.0000      -100.0000    
    812.5000      -100.0000    
    875.0000      -100.0000    
    937.5000      -100.0000    
    1000.000      -58.33333    
    1000.000      -16.66666    
    1000.000       150.0000    
    1000.000       200.0000    
    900.0000       250.0000    
    800.0000       250.0000    
    700.0000       250.0000    
    600.0000       250.0000    
    500.0000       250.0000    
    400.0000       250.0000    
    300.0000       250.0000    
    200.0000       250.0000    
    100.0000       250.0000    
   0.0000000E+00   200.0000    
   0.0000000E+00   150.0000    
    1000.000       333.3333    
    1000.000       416.6667    
    857.1428       500.0000    
    714.2857       500.0000    
    571.4286       500.0000    
    428.5714       500.0000    
    285.7142       500.0000    
    142.8571       500.0000    
   0.0000000E+00   416.6667    
   0.0000000E+00   333.3333    
    1000.000       666.6667    
    1000.000       833.3334    
    857.1428       1000.000    
    714.2857       1000.000    
    571.4286       1000.000    
    428.5714       1000.000    
    285.7142       1000.000    
    142.8571       1000.000    
   0.0000000E+00   833.3333    
   0.0000000E+00   666.6666    
   0.0000000E+00  -150.0000    
   0.0000000E+00  -200.0000    
    83.33334      -250.0000    
    166.6667      -250.0000    
    250.0000      -250.0000    
    333.3333      -250.0000    
    416.6667      -250.0000    
    500.0000      -250.0000    
    583.3334      -250.0000    
    666.6667      -250.0000    
    750.0000      -250.0000    
    833.3334      -250.0000    
    916.6667      -250.0000    
    1000.000      -200.0000    
    1000.000      -150.0000    
   0.0000000E+00  -312.5000    
   0.0000000E+00  -375.0000    
   0.0000000E+00  -437.5000    
    100.0000      -500.0000    
    200.0000      -500.0000    
    300.0000      -500.0000    
    400.0000      -500.0000    
    500.0000      -500.0000    
    600.0000      -500.0000    
    700.0000      -500.0000    
    800.0000      -500.0000    
    900.0000      -500.0000    
    1000.000      -437.5000    
    1000.000      -375.0000    
    1000.000      -312.5000    
   0.0000000E+00  -600.0000    
   0.0000000E+00  -700.0000    
   0.0000000E+00  -800.0000    
   0.0000000E+00  -900.0000    
    100.0000      -1000.000    
    200.0000      -1000.000    
    300.0000      -1000.000    
    400.0000      -1000.000    
    500.0000      -1000.000    
    600.0000      -1000.000    
    700.0000      -1000.000    
    800.0000      -1000.000    
    900.0000      -1000.000    
    1000.000      -900.0000    
    1000.000      -800.0000    
    1000.000      -700.0000    
    1000.000      -600.0000    
           59          62          60
           59          61          62
           61          64          62
           61          63          64
           90          95          91
           90          94          95
           91          96          92
           91          95          96
           92          97          93
           92          96          97
           94          99          95
           94          98          99
           95         100          96
           95          99         100
           96         101          97
           96         100         101
           98         103          99
           98         102         103
           99         104         100
           99         103         104
          100         105         101
          100         104         105
          102         107         103
          102         106         107
          103         108         104
          103         107         108
          104         109         105
          104         108         109
          106         111         107
          106         110         111
          107         112         108
          107         111         112
          108         113         109
          108         112         113
          110         115         111
          110         114         115
          111         116         112
          111         115         116
          112         117         113
          112         116         117
          114         119         115
          114         118         119
          115         120         116
          115         119         120
          116         121         117
          116         120         121
          118         123         119
          118         122         123
          119         124         120
          119         123         124
          120         125         121
          120         124         125
          122         127         123
          122         126         127
          123         128         124
          123         127         128
          124         129         125
          124         128         129
          126         131         127
          126         130         131
          127         132         128
          127         131         132
          128         133         129
          128         132         133
          130         135         131
          130         134         135
          131         136         132
          131         135         136
          132         137         133
          132         136         137
          134         139         135
          134         138         139
          135         140         136
          135         139         140
          136         141         137
          136         140         141
          158         164         159
          158         163         164
          159         165         160
          159         164         165
          160         166         161
          160         165         166
          161         167         162
          161         166         167
          163         169         164
          163         168         169
          164         170         165
          164         169         170
          165         171         166
          165         170         171
          166         172         167
          166         171         172
          168         174         169
          168         173         174
          169         175         170
          169         174         175
          170         176         171
          170         175         176
          171         177         172
          171         176         177
          173         179         174
          173         178         179
          174         180         175
          174         179         180
          175         181         176
          175         180         181
          176         182         177
          176         181         182
          178         184         179
          178         183         184
          179         185         180
          179         184         185
          180         186         181
          180         185         186
          181         187         182
          181         186         187
          183         189         184
          183         188         189
          184         190         185
          184         189         190
          185         191         186
          185         190         191
          186         192         187
          186         191         192
          193         196         194
          193         195         196
          195         198         196
          195         197         198
          197         200         198
          197         199         200
          199         202         200
          199         201         202
          201         204         202
          201         203         204
          205         209         206
          205         208         209
          206         210         207
          206         209         210
          208         212         209
          208         211         212
          209         213         210
          209         212         213
          211         215         212
          211         214         215
          212         216         213
          212         215         216
          214         218         215
          214         217         218
          215         219         216
          215         218         219
          217         221         218
          217         220         221
          218         222         219
          218         221         222
          223         227         224
          223         226         227
          224         228         225
          224         227         228
          226         230         227
          226         229         230
          227         231         228
          227         230         231
          229         233         230
          229         232         233
          230         234         231
          230         233         234
          232         236         233
          232         235         236
          233         237         234
          233         236         237
          235         239         236
          235         238         239
          236         240         237
          236         239         240
          238         242         239
          238         241         242
          239         243         240
          239         242         243
          241         245         242
          241         244         245
          242         246         243
          242         245         246
          244         248         245
          244         247         248
          245         249         246
          245         248         249
          250         253         251
          250         252         253
          252         255         253
          252         254         255
          254         257         255
          254         256         257
          256         259         257
          256         258         259
          258         261         259
          258         260         261
          260         263         261
          260         262         263
          262         265         263
          262         264         265
          264         267         265
          264         266         267
          268         275         269
          268         274         275
          269         276         270
          269         275         276
          270         277         271
          270         276         277
          271         278         272
          271         277         278
          272         279         273
          272         278         279
          280         285         281
          280         284         285
          281         286         282
          281         285         286
          282         287         283
          282         286         287
          284         289         285
          284         288         289
          285         290         286
          285         289         290
          286         291         287
          286         290         291
          288         293         289
          288         292         293
          289         294         290
          289         293         294
          290         295         291
          290         294         295
          292         297         293
          292         296         297
          293         298         294
          293         297         298
          294         299         295
          294         298         299
          296         301         297
          296         300         301
          297         302         298
          297         301         302
          298         303         299
          298         302         303
          310         313         311
          310         312         313
          312         315         313
          312         314         315
          314         317         315
          314         316         317
          316         319         317
          316         318         319
          318         321         319
          318         320         321
          330         333         331
          330         332         333
          332         335         333
          332         334         335
          334         337         335
          334         336         337
          336         339         337
          336         338         339
          338         341         339
          338         340         341
          340         343         341
          340         342         343
          342         345         343
          342         344         345
          346         349         347
          346         348         349
          348         351         349
          348         350         351
          350         353         351
          350         352         353
          352         355         353
          352         354         355
          354         357         355
          354         356         357
          356         359         357
          356         358         359
          358         361         359
          358         360         361
          360         363         361
          360         362         363
          362         365         363
          362         364         365
          364         367         365
          364         366         367
          366         369         367
          366         368         369
          368         371         369
          368         370         371
          372         375         373
          372         374         375
          374         377         375
          374         376         377
          376         379         377
          376         378         379
          378         381         379
          378         380         381
          380         383         381
          380         382         383
          384         387         385
          384         386         387
          386         389         387
          386         388         389
          388         391         389
          388         390         391
          390         393         391
          390         392         393
          392         395         393
          392         394         395
          396         399         397
          396         398         399
          398         401         399
          398         400         401
          400         403         401
          400         402         403
          402         405         403
          402         404         405
          404         407         405
          404         406         407
          406         409         407
          406         408         409
          408         411         409
          408         410         411
          410         413         411
          410         412         413
          412         415         413
          412         414         415
          414         417         415
          414         416         417
          416         419         417
          416         418         419
          418         421         419
          418         420         421
          420         423         421
          420         422         423
          424         428         425
          424         427         428
          425         429         426
          425         428         429
          427         431         428
          427         430         431
          428         432         429
          428         431         432
          430         434         431
          430         433         434
          431         435         432
          431         434         435
          433         437         434
          433         436         437
          434         438         435
          434         437         438
          436         440         437
          436         439         440
          437         441         438
          437         440         441
          439         443         440
          439         442         443
          440         444         441
          440         443         444
          442         446         443
          442         445         446
          443         447         444
          443         446         447
          445         449         446
          445         448         449
          446         450         447
          446         449         450
          451         456         452
          451         455         456
          452         457         453
          452         456         457
          453         458         454
          453         457         458
          455         460         456
          455         459         460
          456         461         457
          456         460         461
          457         462         458
          457         461         462
          459         464         460
          459         463         464
          460         465         461
          460         464         465
          461         466         462
          461         465         466
          463         468         464
          463         467         468
          464         469         465
          464         468         469
          465         470         466
          465         469         470
          467         472         468
          467         471         472
          468         473         469
          468         472         473
          469         474         470
          469         473         474
          471         476         472
          471         475         476
          472         477         473
          472         476         477
          473         478         474
          473         477         478
          475         480         476
          475         479         480
          476         481         477
          476         480         481
          477         482         478
          477         481         482
          479         484         480
          479         483         484
          480         485         481
          480         484         485
          481         486         482
          481         485         486
          487         497           1
          487          61          59
          487         488          61
          488          63          61
          488         489          63
          489         490          63
          489           2         490
          490          64          63
          490         491          64
          491         492          64
          491           3         492
          492         493          64
          493          62          64
          493         494          62
          494          60          62
          494         495          60
          495         496          60
          495           4         496
          496          59          60
          496         497          59
          487          59         497
          498         490           2
          498         499          65
          498           5         499
          499          66          65
          499         500          66
          500         501          66
          500           6         501
          501         502          66
          502         491          66
          502           3         491
          491          65          66
          491         490          65
          498          65         490
          503         499           5
          503         504          67
          503           7         504
          504          68          67
          504         505          68
          505         506          68
          505           8         506
          506         507          68
          507         500          68
          507           6         500
          500          67          68
          500         499          67
          503          67         499
            6         510          10
            6         507         510
          507         509         510
          507         506         509
          506         508         509
          506           8         508
            8           9         508
           10         511           6
          511         501           6
          511         512         501
          512         502         501
          512         513         502
          513           3         502
          513          11           3
          513         519          11
          513         512          69
          512          70          69
          512         511          70
          511          71          70
          511          10          71
           10         510          71
          510          72          71
          510         509          72
          509          73          72
          509         508          73
          508         514          73
          508           9         514
          514          12          73
           12         515          73
          515          72          73
          515         516          72
          516          71          72
          516         517          71
          517          70          71
          517         518          70
          518          69          70
          518          13          69
           13         519          69
          513          69         519
            4         525          14
            4         495         525
          495         524         525
          495         494         524
          494         523         524
          494         522         523
          494         493         522
          493         521         522
          493         492         521
          492         520         521
          492           3         520
            3          11         520
          525         532          14
          525          75          74
          525         524          75
          524          76          75
          524         523          76
          523          77          76
          523         522          77
          522          78          77
          522         521          78
          521          79          78
          521         520          79
          520         519          79
          520          11         519
          519         526          79
          519          13         526
          526          78          79
          526         527          78
          527          77          78
          527         528          77
          528          76          77
          528         529          76
          529          75          76
          529         530          75
          530          74          75
          530         531          74
          531         532          74
          531          15         532
          525          74         532
           16         533          80
          533          81          80
          533         534          81
          534          82          81
          534         535          82
          535          83          82
          535         536          83
          536         537          83
          536          17         537
          537         518          83
          537          13         518
          518          82          83
          518         517          82
          517          81          82
          517         516          81
          516          80          81
          516         515          80
          515          12          80
           12          16          80
          531         544          15
          531          85          84
          531         530          85
          530          86          85
          530         529          86
          529          87          86
          529         528          87
          528          88          87
          528         527          88
          527          89          88
          527         526          89
          526         537          89
          526          13         537
          537         538          89
          537          17         538
          538          88          89
          538         539          88
          539          87          88
          539         540          87
          540          86          87
          540         541          86
          541          85          86
          541         542          85
          542          84          85
          542         543          84
          543         544          84
          543          18         544
          531          84         544
           18         543          90
          543          94          90
          543         542          94
          542          98          94
          542         541          98
          541         102          98
          541         540         102
          540         106         102
          540         539         106
          539         110         106
          539         538         110
          538         114         110
          538          17         114
           17         118         114
           17         536         118
          536         122         118
          536         535         122
          535         126         122
          535         130         126
          535         534         130
          534         134         130
          534         533         134
          533         138         134
          533          16         138
           16         545         138
          545         139         138
          545         546         139
          546         140         139
          546         547         140
          547         141         140
          547         548         141
          548          19         141
           19         549         141
          549         137         141
          549         550         137
          550         133         137
          550         551         133
          551         129         133
          551         125         129
          551         552         125
          552         121         125
          552          20         121
           20         117         121
           20         553         117
          553         113         117
          553         554         113
          554         109         113
          554         555         109
          555         105         109
          555         556         105
          556         101         105
          556         557         101
          557          97         101
          557         558          97
          558          93          97
          558          21          93
           21         559          93
          559          92          93
          559         560          92
          560          91          92
          560         561          91
          561          90          91
          561         562          90
          562          18          90
          558         568          21
          558         143         142
          558         557         143
          557         144         143
          557         556         144
          556         145         144
          556         555         145
          555         146         145
          555         554         146
          554         147         146
          554         553         147
          553         563         147
          553          20         563
          563          22         147
           22         564         147
          564         146         147
          564         565         146
          565         145         146
          565         144         145
          565         566         144
          566         143         144
          566         567         143
          567         142         143
          567          23         142
           23         568         142
          558         142         568
          552         563          20
          552         149         148
          552         551         149
          551         150         149
          551         550         150
          550         151         150
          550         549         151
          549         569         151
          549          19         569
          569          24         151
           24         570         151
          570         150         151
          570         571         150
          571         149         150
          571         572         149
          572         148         149
          572          22         148
           22         563         148
          552         148         563
          567         574          23
          567         566         152
          566         153         152
          566         565         153
          565         154         153
          565         564         154
          564          22         154
           22         155         154
           22         572         155
          572         156         155
          572         571         156
          571         157         156
          571         570         157
          570         573         157
          570          24         573
          573          25         157
           25         156         157
           25         155         156
           25         154         155
           25          26         154
           26         153         154
           26         152         153
           26         574         152
          567         152         574
          503         586           7
          503           5         158
            5         163         158
            5         498         163
          498         168         163
          498           2         168
            2         173         168
            2         489         173
          489         178         173
          489         488         178
          488         183         178
          488         487         183
          487         188         183
          487           1         188
            1         575         188
          575         189         188
          575         576         189
          576         190         189
          576         577         190
          577         191         190
          577         578         191
          578         192         191
          578         579         192
          579          27         192
           27         187         192
           27         182         187
           27         177         182
           27          28         177
           28         172         177
           28         167         172
           28         162         167
           28         580         162
          580         581         162
          581         161         162
          581         582         161
          582         160         161
          582         583         160
          583         584         160
          584         159         160
          584         585         159
          585         158         159
          585         586         158
          503         158         586
            8         598           9
            8         587         598
          587         597         598
          587         588         597
          588         596         597
          588         589         596
          589         595         596
          589         590         595
          590         594         595
          590         591         594
          591         593         594
          591         592         593
          592          30         593
          592          29          30
            9         598         193
          598         195         193
          598         597         195
          597         197         195
          597         596         197
          596         199         197
          596         595         199
          595         201         199
          595         594         201
          594         203         201
          594         593         203
          593          30         203
           30         204         203
           30          31         204
           31         599         204
          599         202         204
          599         600         202
          600         200         202
          600         198         200
          600         601         198
          601         196         198
          601         602         196
          602         194         196
          602          12         194
           12         514         194
          514         193         194
          514           9         193
            7         603         205
          603         208         205
          603         604         208
          604         211         208
          604         214         211
          604         605         214
          605         217         214
          605         606         217
          606         220         217
          606          32         220
           32         221         220
           32          29         221
           29         222         221
           29         592         222
          592         219         222
          592         591         219
          591         216         219
          591         590         216
          590         213         216
          590         589         213
          589         210         213
          589         588         210
          588         207         210
          588         587         207
          587           8         207
            8         505         207
          505         206         207
          505         504         206
          504         205         206
          504           7         205
           25         573         223
          573         226         223
          573          24         226
           24         229         226
           24         569         229
          569          19         229
           19         232         229
           19         548         232
          548         235         232
          548         547         235
          547         238         235
          547         546         238
          546         241         238
          546         545         241
          545         244         241
          545          16         244
           16         247         244
           16          12         247
           12         602         247
          602         601         247
          601         248         247
          601         600         248
          600         249         248
          600         599         249
          599          31         249
           31         607         249
          607         246         249
          607         243         246
          607         608         243
          608         240         243
          608         609         240
          609         237         240
          609         234         237
          609         610         234
          610         231         234
          610         228         231
          610         611         228
          611         225         228
          611          33         225
           33         224         225
           33          25         224
           25         223         224
          586         603           7
          586         252         250
          586         585         252
          585         254         252
          585         584         254
          584         256         254
          584         583         256
          583         258         256
          583         260         258
          583         582         260
          582         262         260
          582         581         262
          581         264         262
          581         580         264
          580         266         264
          580          28         266
           28         267         266
           28          34         267
           34         612         267
          612         265         267
          612         613         265
          613         263         265
          613         261         263
          613         614         261
          614         259         261
          614         615         259
          615         257         259
          615         616         257
          616         255         257
          616         253         255
          616         617         253
          617         251         253
          617          32         251
           32         606         251
          606         605         251
          605         250         251
          605         604         250
          604         603         250
          586         250         603
           29         629          30
           29         618         629
          618         628         629
          618         619         628
          619         627         628
          619         620         627
          620         626         627
          620         621         626
          621         625         626
          621         622         625
          622         624         625
          622         623         624
          623          36         624
          623          35          36
           33         611         268
          611         610         268
          610         609         268
          609         274         268
          609         608         274
          608         607         274
          607          31         274
           31         629         274
           31          30         629
          629         275         274
          629         628         275
          628         276         275
          628         627         276
          627         277         276
          627         626         277
          626         278         277
          626         625         278
          625         279         278
          625         624         279
          624          36         279
           36         630         279
          630         273         279
          630          37         273
           37         631         273
          631         272         273
          631         632         272
          632         271         272
          632         270         271
          632         633         270
          633         269         270
          633         634         269
          634         268         269
          634          33         268
           35         623         280
          623         284         280
          623         622         284
          622         288         284
          622         621         288
          621         292         288
          621         620         292
          620         296         292
          620         619         296
          619         300         296
          619         618         300
          618          32         300
          618          29          32
           32         617         300
          617         301         300
          617         616         301
          616         615         301
          615         302         301
          615         614         302
          614         303         302
          614         613         303
          613         612         303
          612          34         303
           34         635         303
          635         299         303
          635         636         299
          636         295         299
          636         291         295
          636         637         291
          637         287         291
          637         638         287
          638         283         287
          638          38         283
           38         639         283
          639         282         283
          639         640         282
          640         281         282
          640         641         281
          641         280         281
          641          35         280
           35         653          36
           35         642         653
          642         652         653
          642         643         652
          643         651         652
          643         644         651
          644         650         651
          644         645         650
          645         649         650
          645         646         649
          646         648         649
          646         647         648
          647          40         648
          647          39          40
          653         630          36
          653         305         304
          653         652         305
          652         306         305
          652         651         306
          651         307         306
          651         650         307
          650         308         307
          650         649         308
          649         309         308
          649         648         309
          648         654         309
          648          40         654
          654          41         309
           41         655         309
          655         308         309
          655         307         308
          655         656         307
          656         306         307
          656         657         306
          657         305         306
          657         304         305
          657          37         304
           37         630         304
          653         304         630
          647         663          39
          647         312         310
          647         646         312
          646         314         312
          646         645         314
          645         316         314
          645         644         316
          644         318         316
          644         643         318
          643         320         318
          643         642         320
          642         641         320
          642          35         641
          641         640         320
          640         321         320
          640         639         321
          639         658         321
          639          38         658
          658         319         321
          658         659         319
          659         317         319
          659         315         317
          659         660         315
          660         313         315
          660         661         313
          661         311         313
          661          42         311
           42         662         311
          662         310         311
          662         663         310
          647         310         663
           39         679          40
           39         664         679
          664         678         679
          664         665         678
          665         677         678
          665         666         677
          666         676         677
          666         667         676
          667         675         676
          667         668         675
          668         674         675
          668         669         674
          669         673         674
          669         670         673
          670         672         673
          670         671         672
          671          44         672
          671          43          44
          679         654          40
          679         323         322
          679         678         323
          678         324         323
          678         677         324
          677         325         324
          677         676         325
          676         326         325
          676         675         326
          675         327         326
          675         674         327
          674         328         327
          674         673         328
          673         329         328
          673         672         329
          672         680         329
          672          44         680
          680          45         329
           45         681         329
          681         328         329
          681         682         328
          682         327         328
          682         683         327
          683         326         327
          683         684         326
          684         325         326
          684         685         325
          685         324         325
          685         686         324
          686         323         324
          686         687         323
          687         322         323
          687          41         322
           41         654         322
          679         322         654
          671         696          43
          671         332         330
          671         670         332
          670         334         332
          670         669         334
          669         336         334
          669         668         336
          668         338         336
          668         667         338
          667         340         338
          667         666         340
          666         342         340
          666         665         342
          665         344         342
          665         664         344
          664         663         344
          664          39         663
          663         345         344
          663         662         345
          662          42         345
           42         688         345
          688         343         345
          688         689         343
          689         341         343
          689         690         341
          690         339         341
          690         691         339
          691         337         339
          691         692         337
          692         335         337
          692         693         335
          693         333         335
          693         694         333
          694         331         333
          694          46         331
           46         695         331
          695         330         331
          695         696         330
          671         330         696
           25         709          26
           25          33         346
           33         348         346
           33         634         348
          634         633         348
          633         350         348
          633         632         350
          632         631         350
          631         352         350
          631          37         352
           37         354         352
           37         657         354
          657         656         354
          656         356         354
          656         655         356
          655         358         356
          655          41         358
           41         687         358
          687         360         358
          687         686         360
          686         362         360
          686         685         362
          685         364         362
          685         684         364
          684         366         364
          684         683         366
          683         368         366
          683         682         368
          682         370         368
          682         681         370
          681         697         370
          681          45         697
          697         371         370
          697         698         371
          698          47         371
           47         699         371
          699         369         371
          699         700         369
          700         367         369
          700         365         367
          700         701         365
          701         363         365
          701         702         363
          702         361         363
          702         703         361
          703         359         361
          703         357         359
          703         704         357
          704         355         357
          704         705         355
          705         353         355
          705         351         353
          705         706         351
          706         349         351
          706         707         349
          707         347         349
          707          48         347
           48         708         347
          708         346         347
          708         709         346
           25         346         709
          707         719          48
          707         706         372
          706         374         372
          706         705         374
          705         704         374
          704         376         374
          704         703         376
          703         378         376
          703         702         378
          702         380         378
          702         701         380
          701         700         380
          700         382         380
          700         699         382
          699         710         382
          699          47         710
          710         383         382
          710         711         383
          711         712         383
          711          49         712
          712         381         383
          712         713         381
          713         379         381
          713         714         379
          714         377         379
          714         715         377
          715         375         377
          715         716         375
          716         373         375
          716         717         373
          717         718         373
          717          50         718
          718         372         373
          718         719         372
          707         372         719
          717         729          50
          717         386         384
          717         716         386
          716         388         386
          716         715         388
          715         390         388
          715         714         390
          714         392         390
          714         713         392
          713         394         392
          713         712         394
          712         720         394
          712          49         720
          720         395         394
          720         721         395
          721          51         395
           51         722         395
          722         393         395
          722         723         393
          723         391         393
          723         724         391
          724         389         391
          724         725         389
          725         387         389
          725         726         387
          726         385         387
          726         727         385
          727          52         385
           52         728         385
          728         384         385
          728         729         384
          717         384         729
          694         744          46
          694         693         396
          693         398         396
          693         692         398
          692         400         398
          692         691         400
          691         402         400
          691         690         402
          690         404         402
          690         689         404
          689         406         404
          689         688         406
          688         408         406
          688          42         408
           42         410         408
           42         661         410
          661         660         410
          660         412         410
          660         659         412
          659         414         412
          659         658         414
          658          38         414
           38         416         414
           38         638         416
          638         637         416
          637         418         416
          637         636         418
          636         420         418
          636         635         420
          635          34         420
           34         422         420
           34          28         422
           28         730         422
           28          27         730
          730         423         422
          730         731         423
          731          53         423
           53         732         423
          732         421         423
          732         733         421
          733         419         421
          733         734         419
          734         417         419
          734         735         417
          735         415         417
          735         413         415
          735         736         413
          736         411         413
          736         737         411
          737         409         411
          737         738         409
          738         407         409
          738         739         407
          739         405         407
          739         403         405
          739         740         403
          740         401         403
          740         741         401
          741         399         401
          741         742         399
          742         397         399
          742          54         397
           54         743         397
          743         396         397
          743         744         396
          694         396         744
          742         759          54
          742         741         424
          741         427         424
          741         740         427
          740         430         427
          740         739         430
          739         433         430
          739         738         433
          738         436         433
          738         737         436
          737         736         436
          736         439         436
          736         735         439
          735         442         439
          735         734         442
          734         445         442
          734         733         445
          733         448         445
          733         732         448
          732         745         448
          732          53         745
          745         449         448
          745         746         449
          746         450         449
          746         747         450
          747         748         450
          747          55         748
          748         447         450
          748         749         447
          749         444         447
          749         750         444
          750         441         444
          750         751         441
          751         438         441
          751         752         438
          752         435         438
          752         753         435
          753         432         435
          753         754         432
          754         429         432
          754         755         429
          755         426         429
          755         756         426
          756         757         426
          756          56         757
          757         425         426
          757         758         425
          758         424         425
          758         759         424
          742         424         759
          756         776          56
          756         455         451
          756         755         455
          755         459         455
          755         754         459
          754         463         459
          754         753         463
          753         467         463
          753         752         467
          752         471         467
          752         751         471
          751         475         471
          751         750         475
          750         479         475
          750         749         479
          749         483         479
          749         748         483
          748         760         483
          748          55         760
          760         484         483
          760         761         484
          761         485         484
          761         762         485
          762         486         485
          762         763         486
          763          57         486
           57         764         486
          764         482         486
          764         765         482
          765         478         482
          765         766         478
          766         474         478
          766         767         474
          767         470         474
          767         768         470
          768         466         470
          768         769         466
          769         462         466
          769         770         462
          770         458         462
          770         771         458
          771         454         458
          771         772         454
          772          58         454
           58         773         454
          773         453         454
          773         774         453
          774         452         453
          774         775         452
          775         451         452
          775         776         451
          756         451         776
  3
1177 180  51
  77  78  79  80  81  82  83  84  85  86  87  88  89  90  91  92  93  94  95  96
  97  98  99 100 101 102 103 104 105 106 107 108 109 110 111 112 113 114 115 116
 117 118 119 120 121 122 123 124 125 126 127 128 129 130 131 132 133 134 135 136
 137 138 139 140 141 142 143 144 145 146 147 148 149 150 151 152 153 154 155 156
 157 158 159 160 161 162 163 164 165 166 167 168 169 170 171 172 173 174 175 176
 177 178 179 180 181 182 183 184 185 186 187 188 189 190 191 192 193 194 195 196
 197 198 199 200 201 202 203 204 205 206 207 208 209 210 211 212 213 214 215 216
 217 218 219 220 221 222 223 224 225 226 227 228 229 230 231 232 233 234 235 236
 237 238 239 240 241 242 243 244 245 246 247 248 249 250 251 252 253 254 255 256
 257 258 259 260 261 262 263 264 265 266 267 268 269 270 271 272 273 274 275 276
 277 278 279 280 281 282 283 284 285 286 287 288 289 290 291 292 293 294 295 296
 297 298 299 300 301 302 303 304 305 306 307 308 309 310 311 312 313 314 315 316
 317 318 319 320 321 322 323 324 325 326 327 328 329 330 331 332 333 334 335 336
 337 338 339 340 341 342 343 344 345 346 347 348 349 350 351 352 353 354 355 356
 357 358 359 360 361 362 363 364 365 366 367 368 369 370 371 372 373 374 375 376
 377 378 379 380 381 382 383 384 385 386 387 388 389 390 391 392 393 394 395 396
 397 398 399 400 401 402 403 404 405 406 407 408 409 410 411 412 413 414 415 416
 464 465 466 467 468 469 470 471 472 473 474 475 476 477 503 504 505 506 507 508
 509 510 511 512 513 514 515 516 517 518 519 520 521 522 523 524 525 526 527 528
 529 530 531 532 533 534 535 536 537 538 539 540 541 542 680 681 682 683 684 685
 686 687 688 689 690 691 692 693 694 695 696 697 698 699 700 701 702 703 704 705
 706 707 708 709 710 711 712 713 714 715 716 717 718 719 720 721 722 723 724 725
 726 727 728 729 730 731 732 733 734 735 736 737 738 739 740 741 742 743 744 745
 746 747 748 749 750 751 752 753 754 755 756 757 758 759 760 761 762 763 764 765
 766 767 768 769 770 771 772 773 774 775 776 777 778 779 780 781 782 783 784 785
 786 787 788 789 790 791 792 793 794 795 796 797 798 799 800 801 802 803 804 805
 806 807 808 809 810 811 812 813 814 815 816 817 818 819 820 821 822 823 824 825
 826 827 828 829 830 831 832 833 834 835 836 837 838 839 840 841 842 843 844 845
 846 847 848 849 850 851 852 853 854 855 856 857 858 859 860 861 862 863 864 865
 866 867 868 869 870 871 872 873 874 875 876 877 878 879 880 881 882 883 884 885
 886 887 888 889 890 891 892 893 894 895 896 897 898 899 900 901 902 903 904 905
 906 907 908 909 910 911 912 913 914 915 916 917 918 919 920 921 922 923 924 925
 926 927 928 929 930 931 932 933 934 935 936 937 938 939 940 941 942 943 944 945
 946 947 948 949 950 951 952 953 954 955 956 957 958 959 960 961 962 963 964 965
 966 967 968 969 970 971 972 973 974 975 976 977 978 979 980 981 982 983 984 985
 986 987 988 989 990 991 992 993 994 995 996 997 998 999100010011002100310041005
10061007100810091010101110121013101410151016101710181019102010211022102310241025
10261027102810291030103110321033103410351036103710381039104010411042104310441045
10461047104810491050105110521053105410551056105710581059106010611062106310641065
10661067106810691070107110721073107410751076107710781079108010811082108310841085
10861087108810891090109110921093109410951096109710981099110011011102110311041105
11061107110811091110111111121113111411151116111711181119112011211122112311241125
11261127112811291130113111321133113411351136113711381139114011411142114311441145
11461147114811491150115111521153115411551156115711581159116011611162116311641165
11661167116811691170117111721173117411751176117711781179118011811182118311841185
11861187118811891190119111921193119411951196119711981199120012011202120312041205
12061207120812091210121112121213121412151216121712181219122012211222122312241225
12261227122812291230123112321233123412351236123712381239124012411242124312441245
12461247124812491250125112521253125412551256125712581259126012611262126312641265
12661267126812691270127112721273127412751276127712781279128012811282128312841285
12861287128812891290129112921293129412951296129712981299130013011302130313041305
13061307130813091310131113121313131413151316131713181319132013211322132313241325
13261327132813291330133113321333133413351336133713381339134013411342134313441345
13461347134813491350135113521353135413551356135713581359136013611362136313641365
13661367136813691370137113721373137413751376137713781379138013811382138313841385
13861387138813891390139113921393139413951396139713981399140014011402140314041405
14061407140814091410141114121413141414151416141714181419142014211422142314241425
14261427142814291430143114321433143414351436143714381439144014411442144314441445
14461447144814491450145114521453145414551456145714581459146014611462   5   6   7
   8   9  10  11  12  13  14  15  16  17  18  19  20  21  22  23  24  25  26  27
  28  29  30  31  32  33  34  35  36  37  38  39  40  41  42  43  44  45  46  47
  48  49  50  51  52  53  54  55  56  57  58  59  60  61  62  63  64  65  66  67
  68  69  70  71  72  73  74  75  76 478 479 480 481 482 483 484 485 486 487 488
 489 490 491 492 493 494 495 496 497 498 499 500 501 502 543 544 545 546 547 548
 549 550 551 552 553 554 555 556 557 558 559 560 561 590 591 592 593 594 595 596
 597 598 599 600 601 602 603 604 605 606 607 608 609 610 611 612 613 614 615 616
 617 618 619 620 621 622 623 624 625 626 627 628 629 630 631 632 633 634 635 636
 637 638 639 640 641 642 643 644 645 646 647 648 649 650 651 652 653   1   2   3
   4 417 418 419 420 421 422 423 424 425 426 427 428 429 430 431 432 433 434 435
 436 437 438 439 440 441 442 443 444 445 446 447 448 449 450 451 452 453 454 455
 456 457 458 459 460 461 462 463
  2
  28  26
 562 563 564 565 566 567 568 569 570 571 572 573 574 575 576 577 578 579 580 581
 582 583 584 585 586 587 588 589 654 655 656 657 658 659 660 661 662 663 664 665
 666 667 668 669 670 671 672 673 674 675 676 677 678 679
