C  *********************************************************************
C  *****  BLOCK DATA                                        V1.00  *****
C  *********************************************************************
C                                               ( Apr 25 14:38:10 1994 )
C  ==(......)***************************************************(....)==
      BLOCK DATA
      INCLUDE"AEMX1"
C  =====================================================================
      DATA PAI/3.1415926535897931160D0/
      DATA PHC/2.997925D+8/
      DATA PHM/12.56637061D-7/
      DATA PHE/8.8541853D-12/
      DATA RPT/
     &  0.75D0,0.25D0,0.00D0,0.00D0,0.00D0,0.00D0
     & ,0.25D0,0.75D0,0.75D0,0.25D0,0.00D0,0.00D0
     & ,0.25D0,0.75D0,0.75D0,0.25D0,0.00D0,0.00D0
     & ,0.00D0,0.00D0,0.00D0,0.00D0,0.75D0,0.25D0
     & ,0.00D0,0.00D0,0.25D0,0.75D0,0.75D0,0.25D0
     & ,0.00D0,0.00D0,0.25D0,0.75D0,0.00D0,0.00D0
     & ,0.00D0,0.00D0,0.00D0,0.00D0,0.25D0,0.75D0
     & ,0.75D0,0.25D0,0.00D0,0.00D0,0.25D0,0.75D0
     & /
      DATA RMX/
     &  0.25D0,0.25D0,0.25D0,0.25D0
     & ,0.00D0,0.00D0,0.00D0,0.00D0
     & ,0.00D0,0.00D0,0.00D0,0.00D0
     & ,0.00D0,0.00D0,0.00D0,0.00D0
     & ,0.25D0,0.25D0,0.25D0,0.25D0
     & ,0.00D0,0.00D0,0.00D0,0.00D0
     & ,0.00D0,0.00D0,0.00D0,0.00D0
     & ,0.00D0,0.00D0,0.00D0,0.00D0
     & ,0.25D0,0.25D0,0.25D0,0.25D0
     & /
      DATA NDR/
     &  2,1,3,2,4,3,1,4,3,1,4,2
     & ,1,2,2,3,3,4,4,1,1,3,2,4
     & /
      DATA SMX/ 
     &  2.D0,1.D0,1.D0,1.D0,0.D0,0.D0,0.D0,0.D0,0.D0,0.D0,0.D0,0.D0
     & ,1.D0,2.D0,1.D0,1.D0,0.D0,0.D0,0.D0,0.D0,0.D0,0.D0,0.D0,0.D0
     & ,1.D0,1.D0,2.D0,1.D0,0.D0,0.D0,0.D0,0.D0,0.D0,0.D0,0.D0,0.D0
     & ,1.D0,1.D0,1.D0,2.D0,0.D0,0.D0,0.D0,0.D0,0.D0,0.D0,0.D0,0.D0
     & ,0.D0,0.D0,0.D0,0.D0,2.D0,1.D0,1.D0,1.D0,0.D0,0.D0,0.D0,0.D0
     & ,0.D0,0.D0,0.D0,0.D0,1.D0,2.D0,1.D0,1.D0,0.D0,0.D0,0.D0,0.D0
     & ,0.D0,0.D0,0.D0,0.D0,1.D0,1.D0,2.D0,1.D0,0.D0,0.D0,0.D0,0.D0
     & ,0.D0,0.D0,0.D0,0.D0,1.D0,1.D0,1.D0,2.D0,0.D0,0.D0,0.D0,0.D0
     & ,0.D0,0.D0,0.D0,0.D0,0.D0,0.D0,0.D0,0.D0,2.D0,1.D0,1.D0,1.D0
     & ,0.D0,0.D0,0.D0,0.D0,0.D0,0.D0,0.D0,0.D0,1.D0,2.D0,1.D0,1.D0
     & ,0.D0,0.D0,0.D0,0.D0,0.D0,0.D0,0.D0,0.D0,1.D0,1.D0,2.D0,1.D0
     & ,0.D0,0.D0,0.D0,0.D0,0.D0,0.D0,0.D0,0.D0,1.D0,1.D0,1.D0,2.D0
     & /
      END
      
