  344 1450    4
   .0000D0   .0000D0   .0000D0
   .1000D0   .0000D0   .0000D0
   .0000D0   .1000D0   .0000D0
   .1000D0   .1000D0   .0000D0
   .0000D0   .0000D0   .1000D0
   .1000D0   .0000D0   .1000D0
   .0000D0   .1000D0   .1000D0
   .1000D0   .1000D0   .1000D0
   .0000D0   .0000D0   .0500D0
   .0500D0   .0000D0   .0000D0
   .0492D0   .0087D0   .0000D0
   .0470D0   .0171D0   .0000D0
   .0433D0   .0250D0   .0000D0
   .0383D0   .0321D0   .0000D0
   .0321D0   .0383D0   .0000D0
   .0250D0   .0433D0   .0000D0
   .0171D0   .0470D0   .0000D0
   .0087D0   .0492D0   .0000D0
   .0000D0   .0500D0   .0000D0
   .0490D0   .0000D0   .0098D0
   .0481D0   .0096D0   .0098D0
   .0453D0   .0188D0   .0098D0
   .0408D0   .0272D0   .0098D0
   .0347D0   .0347D0   .0098D0
   .0272D0   .0408D0   .0098D0
   .0188D0   .0453D0   .0098D0
   .0096D0   .0481D0   .0098D0
   .0000D0   .0490D0   .0098D0
   .0462D0   .0000D0   .0191D0
   .0453D0   .0090D0   .0191D0
   .0427D0   .0177D0   .0191D0
   .0384D0   .0257D0   .0191D0
   .0327D0   .0327D0   .0191D0
   .0257D0   .0384D0   .0191D0
   .0177D0   .0427D0   .0191D0
   .0090D0   .0453D0   .0191D0
   .0000D0   .0462D0   .0191D0
   .0416D0   .0000D0   .0278D0
   .0405D0   .0093D0   .0278D0
   .0375D0   .0180D0   .0278D0
   .0325D0   .0259D0   .0278D0
   .0259D0   .0325D0   .0278D0
   .0180D0   .0375D0   .0278D0
   .0093D0   .0405D0   .0278D0
   .0000D0   .0416D0   .0278D0
   .0354D0   .0000D0   .0354D0
   .0342D0   .0092D0   .0354D0
   .0306D0   .0177D0   .0354D0
   .0250D0   .0250D0   .0354D0
   .0177D0   .0306D0   .0354D0
   .0092D0   .0342D0   .0354D0
   .0000D0   .0354D0   .0354D0
   .0278D0   .0000D0   .0416D0
   .0264D0   .0086D0   .0416D0
   .0225D0   .0163D0   .0416D0
   .0163D0   .0225D0   .0416D0
   .0086D0   .0264D0   .0416D0
   .0000D0   .0278D0   .0416D0
   .0191D0   .0000D0   .0462D0
   .0177D0   .0073D0   .0462D0
   .0135D0   .0135D0   .0462D0
   .0073D0   .0177D0   .0462D0
   .0000D0   .0191D0   .0462D0
   .0098D0   .0000D0   .0490D0
   .0069D0   .0069D0   .0490D0
   .0000D0   .0098D0   .0490D0
   .0550D0   .0000D0   .0000D0
   .0450D0   .0000D0   .0000D0
   .0542D0   .0096D0   .0000D0
   .0443D0   .0078D0   .0000D0
   .0517D0   .0188D0   .0000D0
   .0423D0   .0154D0   .0000D0
   .0476D0   .0275D0   .0000D0
   .0390D0   .0225D0   .0000D0
   .0421D0   .0354D0   .0000D0
   .0345D0   .0289D0   .0000D0
   .0354D0   .0421D0   .0000D0
   .0289D0   .0345D0   .0000D0
   .0275D0   .0476D0   .0000D0
   .0225D0   .0390D0   .0000D0
   .0188D0   .0517D0   .0000D0
   .0154D0   .0423D0   .0000D0
   .0096D0   .0542D0   .0000D0
   .0078D0   .0443D0   .0000D0
   .0000D0   .0550D0   .0000D0
   .0000D0   .0450D0   .0000D0
   .0539D0   .0000D0   .0107D0
   .0441D0   .0000D0   .0088D0
   .0529D0   .0105D0   .0107D0
   .0433D0   .0086D0   .0088D0
   .0498D0   .0206D0   .0107D0
   .0408D0   .0169D0   .0088D0
   .0449D0   .0300D0   .0107D0
   .0367D0   .0245D0   .0088D0
   .0381D0   .0381D0   .0107D0
   .0312D0   .0312D0   .0088D0
   .0300D0   .0449D0   .0107D0
   .0245D0   .0367D0   .0088D0
   .0206D0   .0498D0   .0107D0
   .0169D0   .0408D0   .0088D0
   .0105D0   .0529D0   .0107D0
   .0086D0   .0433D0   .0088D0
   .0000D0   .0539D0   .0107D0
   .0000D0   .0441D0   .0088D0
   .0508D0   .0000D0   .0210D0
   .0416D0   .0000D0   .0172D0
   .0498D0   .0099D0   .0210D0
   .0408D0   .0081D0   .0172D0
   .0469D0   .0194D0   .0210D0
   .0384D0   .0159D0   .0172D0
   .0422D0   .0282D0   .0210D0
   .0346D0   .0231D0   .0172D0
   .0359D0   .0359D0   .0210D0
   .0294D0   .0294D0   .0172D0
   .0282D0   .0422D0   .0210D0
   .0231D0   .0346D0   .0172D0
   .0194D0   .0469D0   .0210D0
   .0159D0   .0384D0   .0172D0
   .0099D0   .0498D0   .0210D0
   .0081D0   .0408D0   .0172D0
   .0000D0   .0508D0   .0210D0
   .0000D0   .0416D0   .0172D0
   .0457D0   .0000D0   .0306D0
   .0374D0   .0000D0   .0250D0
   .0446D0   .0102D0   .0306D0
   .0365D0   .0083D0   .0250D0
   .0412D0   .0198D0   .0306D0
   .0337D0   .0162D0   .0250D0
   .0358D0   .0285D0   .0306D0
   .0293D0   .0233D0   .0250D0
   .0285D0   .0358D0   .0306D0
   .0233D0   .0293D0   .0250D0
   .0198D0   .0412D0   .0306D0
   .0162D0   .0337D0   .0250D0
   .0102D0   .0446D0   .0306D0
   .0083D0   .0365D0   .0250D0
   .0000D0   .0457D0   .0306D0
   .0000D0   .0374D0   .0250D0
   .0389D0   .0000D0   .0389D0
   .0318D0   .0000D0   .0318D0
   .0376D0   .0101D0   .0389D0
   .0307D0   .0082D0   .0318D0
   .0337D0   .0194D0   .0389D0
   .0276D0   .0159D0   .0318D0
   .0275D0   .0275D0   .0389D0
   .0225D0   .0225D0   .0318D0
   .0194D0   .0337D0   .0389D0
   .0159D0   .0276D0   .0318D0
   .0101D0   .0376D0   .0389D0
   .0082D0   .0307D0   .0318D0
   .0000D0   .0389D0   .0389D0
   .0000D0   .0318D0   .0318D0
   .0306D0   .0000D0   .0457D0
   .0250D0   .0000D0   .0374D0
   .0291D0   .0094D0   .0457D0
   .0238D0   .0077D0   .0374D0
   .0247D0   .0180D0   .0457D0
   .0202D0   .0147D0   .0374D0
   .0180D0   .0247D0   .0457D0
   .0147D0   .0202D0   .0374D0
   .0094D0   .0291D0   .0457D0
   .0077D0   .0238D0   .0374D0
   .0000D0   .0306D0   .0457D0
   .0000D0   .0250D0   .0374D0
   .0210D0   .0000D0   .0508D0
   .0172D0   .0000D0   .0416D0
   .0194D0   .0081D0   .0508D0
   .0159D0   .0066D0   .0416D0
   .0149D0   .0149D0   .0508D0
   .0122D0   .0122D0   .0416D0
   .0081D0   .0194D0   .0508D0
   .0066D0   .0159D0   .0416D0
   .0000D0   .0210D0   .0508D0
   .0000D0   .0172D0   .0416D0
   .0107D0   .0000D0   .0539D0
   .0088D0   .0000D0   .0441D0
   .0076D0   .0076D0   .0539D0
   .0062D0   .0062D0   .0441D0
   .0000D0   .0107D0   .0539D0
   .0000D0   .0088D0   .0441D0
   .0000D0   .0000D0   .0550D0
   .0000D0   .0000D0   .0450D0
   .0338D0   .0000D0   .0000D0
   .0225D0   .0000D0   .0000D0
   .0113D0   .0000D0   .0000D0
   .0000D0   .0338D0   .0000D0
   .0000D0   .0225D0   .0000D0
   .0000D0   .0113D0   .0000D0
   .0000D0   .0000D0   .0338D0
   .0000D0   .0000D0   .0225D0
   .0000D0   .0000D0   .0113D0
   .0125D0   .0000D0   .0125D0
   .0125D0   .0000D0   .0250D0
   .0125D0   .0000D0   .0375D0
   .0250D0   .0000D0   .0125D0
   .0250D0   .0000D0   .0250D0
   .0375D0   .0000D0   .0125D0
   .0000D0   .0125D0   .0125D0
   .0000D0   .0250D0   .0125D0
   .0000D0   .0375D0   .0125D0
   .0000D0   .0125D0   .0250D0
   .0000D0   .0250D0   .0250D0
   .0000D0   .0125D0   .0375D0
   .0125D0   .0125D0   .0000D0
   .0250D0   .0125D0   .0000D0
   .0375D0   .0125D0   .0000D0
   .0125D0   .0250D0   .0000D0
   .0250D0   .0250D0   .0000D0
   .0125D0   .0375D0   .0000D0
   .0500D0   .1000D0   .0000D0
   .0500D0   .0000D0   .1000D0
   .0500D0   .1000D0   .1000D0
   .1000D0   .0500D0   .0000D0
   .0000D0   .0500D0   .1000D0
   .1000D0   .0500D0   .1000D0
   .1000D0   .0000D0   .0500D0
   .0000D0   .1000D0   .0500D0
   .1000D0   .1000D0   .0500D0
   .0500D0   .0500D0   .0000D0
   .0500D0   .0500D0   .1000D0
   .0500D0   .0000D0   .0500D0
   .0500D0   .1000D0   .0500D0
   .0000D0   .0500D0   .0500D0
   .1000D0   .0500D0   .0500D0
   .0500D0   .0500D0   .0500D0
   .0250D0   .0500D0   .0500D0
   .0500D0   .0250D0   .0500D0
   .0500D0   .0500D0   .0250D0
   .0250D0   .0250D0   .0500D0
   .0250D0   .0500D0   .0250D0
   .0500D0   .0250D0   .0250D0
   .0750D0   .0000D0   .0000D0
   .0750D0   .0500D0   .0000D0
   .0750D0   .0000D0   .0500D0
   .0750D0   .0500D0   .0500D0
   .1000D0   .0250D0   .0000D0
   .1000D0   .0250D0   .0500D0
   .1000D0   .0000D0   .0250D0
   .1000D0   .0500D0   .0250D0
   .0750D0   .0250D0   .0000D0
   .0750D0   .0250D0   .0500D0
   .0750D0   .0000D0   .0250D0
   .0750D0   .0500D0   .0250D0
   .1000D0   .0250D0   .0250D0
   .0750D0   .0250D0   .0250D0
   .0250D0   .1000D0   .0000D0
   .0250D0   .1000D0   .0500D0
   .0000D0   .0750D0   .0000D0
   .0500D0   .0750D0   .0000D0
   .0000D0   .0750D0   .0500D0
   .0500D0   .0750D0   .0500D0
   .0000D0   .1000D0   .0250D0
   .0500D0   .1000D0   .0250D0
   .0250D0   .0750D0   .0000D0
   .0250D0   .0750D0   .0500D0
   .0250D0   .1000D0   .0250D0
   .0000D0   .0750D0   .0250D0
   .0500D0   .0750D0   .0250D0
   .0250D0   .0750D0   .0250D0
   .0250D0   .0000D0   .1000D0
   .0250D0   .0500D0   .1000D0
   .0000D0   .0250D0   .1000D0
   .0500D0   .0250D0   .1000D0
   .0000D0   .0000D0   .0750D0
   .0500D0   .0000D0   .0750D0
   .0000D0   .0500D0   .0750D0
   .0500D0   .0500D0   .0750D0
   .0250D0   .0250D0   .1000D0
   .0250D0   .0000D0   .0750D0
   .0250D0   .0500D0   .0750D0
   .0000D0   .0250D0   .0750D0
   .0500D0   .0250D0   .0750D0
   .0250D0   .0250D0   .0750D0
   .0250D0   .0250D0   .0125D0
   .0375D0   .0500D0   .0000D0
   .0375D0   .0500D0   .0250D0
   .0500D0   .0375D0   .0000D0
   .0500D0   .0375D0   .0250D0
   .0500D0   .0500D0   .0125D0
   .0375D0   .0500D0   .0125D0
   .0500D0   .0375D0   .0125D0
   .0375D0   .0000D0   .0500D0
   .0375D0   .0250D0   .0500D0
   .0500D0   .0125D0   .0500D0
   .0500D0   .0000D0   .0375D0
   .0500D0   .0250D0   .0375D0
   .0375D0   .0125D0   .0500D0
   .0500D0   .0125D0   .0375D0
   .0125D0   .0500D0   .0500D0
   .0000D0   .0375D0   .0500D0
   .0250D0   .0375D0   .0500D0
   .0000D0   .0500D0   .0375D0
   .0250D0   .0500D0   .0375D0
   .0125D0   .0375D0   .0500D0
   .0125D0   .0500D0   .0375D0
   .0375D0   .0500D0   .0500D0
   .0500D0   .0375D0   .0500D0
   .0500D0   .0500D0   .0375D0
   .0375D0   .0375D0   .0500D0
   .0375D0   .0500D0   .0375D0
   .0500D0   .0375D0   .0375D0
   .0375D0   .0375D0   .0375D0
   .0625D0   .0000D0   .0000D0
   .0625D0   .0250D0   .0000D0
   .0625D0   .0000D0   .0250D0
   .0625D0   .0250D0   .0250D0
   .0750D0   .0125D0   .0000D0
   .0750D0   .0125D0   .0250D0
   .0750D0   .0000D0   .0125D0
   .0750D0   .0250D0   .0125D0
   .0625D0   .0125D0   .0000D0
   .0625D0   .0125D0   .0250D0
   .0625D0   .0000D0   .0125D0
   .0625D0   .0250D0   .0125D0
   .0750D0   .0125D0   .0125D0
   .0625D0   .0125D0   .0125D0
   .0125D0   .0750D0   .0000D0
   .0125D0   .0750D0   .0250D0
   .0000D0   .0625D0   .0000D0
   .0250D0   .0625D0   .0000D0
   .0000D0   .0625D0   .0250D0
   .0250D0   .0625D0   .0250D0
   .0000D0   .0750D0   .0125D0
   .0250D0   .0750D0   .0125D0
   .0125D0   .0625D0   .0000D0
   .0125D0   .0625D0   .0250D0
   .0125D0   .0750D0   .0125D0
   .0000D0   .0625D0   .0125D0
   .0250D0   .0625D0   .0125D0
   .0125D0   .0625D0   .0125D0
   .0125D0   .0000D0   .0750D0
   .0125D0   .0250D0   .0750D0
   .0000D0   .0125D0   .0750D0
   .0250D0   .0125D0   .0750D0
   .0000D0   .0000D0   .0625D0
   .0250D0   .0000D0   .0625D0
   .0000D0   .0250D0   .0625D0
   .0250D0   .0250D0   .0625D0
   .0125D0   .0125D0   .0750D0
   .0125D0   .0000D0   .0625D0
   .0125D0   .0250D0   .0625D0
   .0000D0   .0125D0   .0625D0
   .0250D0   .0125D0   .0625D0
   .0125D0   .0125D0   .0625D0
   92   13   22   12    0    0    0    0    2
   92   12   74   13    0    0    0    0    2
  104   19   28   18    0    0    0    1    2
   92   72   74   12    0    0    0    0    2
  152   52   44   45    0    0    1    0    2
  180   66   62   63    0    0    1    0    2
  104   18   86   19    0    1    0    0    2
  209  100   80   82    0    0    0    0    2
  201  172  160  162    0    0    0    0    2
  343  155  336  167    0    0    0    0    1
  104   84   86   18    0    0    0    0    2
  122   37   27   28    0    0    1    0    2
  138   45   36   37    0    0    1    0    2
  152   44  138   45    0    1    0    0    2
  173   63   58   57    0    0    0    1    1
  100   26   25   16    0    0    0    0    2
  122   27  104   28    0    1    0    0    2
  100   25   98   16    0    0    0    0    2
  122   37   36   27    0    0    0    0    2
  122   36  120   27    0    0    0    0    2
  100   98   80   16    0    0    0    0    2
   94   23   22   13    0    0    0    0    2
   94   22   92   13    0    0    0    0    2
  122  102  104   27    0    0    0    0    2
  122   27  120  102    0    0    0    0    2
   94   92   74   13    0    0    0    0    2
  118   35   25   26    0    0    0    0    2
  209  102  100   82    0    0    0    0    2
  209  102   82   84    0    0    0    0    2
  180   62  174   63    0    1    0    0    2
  180  174   62  172    0    0    0    0    2
  152  138   44  136    0    0    0    0    2
  201  170  158  160    0    0    0    0    2
  177   65   62   61    0    0    0    0    1
  132   42   33   34    0    0    0    0    2
  164   58   51   52    0    0    1    0    2
  138   36  122   37    0    1    0    0    2
  103   27   28   18    0    0    0    0    1
  103   18  101   27    0    0    0    0    1
  103   83  101   18    0    0    0    0    1
  173   58  163   57    0    0    0    1    1
  137   44   45   36    0    0    0    0    1
  135   44   36   35    0    0    0    0    1
  173  163  161   57    0    0    0    0    1
  335  181  177  175    0    0    1    0    1
  162   57   50   51    0    0    0    0    2
  285  139  125  123    0    0    1    0    1
  162   50  150   51    0    0    0    0    2
   89   21   12   11    0    0    0    0    1
  137   36  135   44    0    0    0    0    1
  137  119  135   36    0    0    0    0    1
  131   41   42   33    0    0    0    0    1
  135   36  119   35    0    0    0    0    1
  119   36   27   26    0    0    0    0    1
  131   33  129   41    0    0    0    0    1
  274  118   98  100    0    0    0    0    2
  104   28   27   18    0    0    0    0    2
   97   24   25   15    0    0    0    0    1
   97   15   95   24    0    0    0    0    1
   97   77   95   15    0    0    0    0    1
  131   42   34   33    0    0    0    0    1
  119   27  101   26    0    0    0    0    1
  119   35   36   26    0    0    0    0    1
  132   33  116   34    0    0    0    0    2
  119   26  117   35    0    0    0    0    1
  119  101   99   26    0    0    0    0    1
  103   28   19   18    0    0    0    1    1
  103   19   85   18    0    0    0    1    1
  119   99  117   26    0    0    0    0    1
   98   16   25   15    0    0    0    0    2
  103   85   83   18    0    0    0    0    1
  330   99  101   81    0    0    0    0    1
  343  287  282  155    0    0    0    0    1
   92   22   21   12    0    0    0    0    2
  343  282  336  155    0    0    0    0    1
  128   40   39   31    0    0    0    0    2
  128   39  126   31    0    0    0    0    2
  285  139  141  125    0    0    0    0    1
  135  119  117   35    0    0    0    0    1
  104   27  102   18    0    0    0    0    2
  138  122   36  120    0    0    0    0    2
  104  102   84   18    0    0    0    0    2
  128  126  110   31    0    0    0    0    2
   92   21   90   12    0    0    0    0    2
  159   55   56   49    0    0    0    0    1
  100   17   26   16    0    0    0    0    2
  159   49  157   55    0    0    0    0    1
  315    2  244  238   -1    0    0    0    1
   89   12   71   11    0    0    0    0    1
  159  145  157   49    0    0    0    0    1
  200  104  122  102    0    0    0    1    2
   91   21   22   12    0    0    0    0    1
  200  102  186  104    0    1    0    0    2
  186   86  104   84    0    0    0    1    2
   92   90   72   12    0    0    0    0    2
   89   71   69   11    0    0    0    0    1
  186  104  102   84    0    0    0    0    2
  100   16   82   17    0    0    0    0    2
  162  150   50  148    0    0    0    0    2
   91   12   89   21    0    0    0    0    1
  132  116   33  114    0    0    0    0    2
  131   34  115   33    0    0    0    0    1
  100   80   82   16    0    0    0    0    2
  341  290  294  161    0    0    0    0    1
   97   15   25   16    0    0    0    0    1
  330  101  325   81    0    0    0    0    1
   97   16   79   15    0    0    0    0    1
   97   15   79   77    0    0    0    0    1
  131  115  113   33    0    0    0    0    1
  201  193  158  170    0    0    0    0    2
  201  172  170  160    0    0    0    0    2
  113   33   24   23    0    0    0    0    1
  113   24   95   23    0    0    0    0    1
  281  219  277   95    0    0    0    0    1
  134   43   42   34    0    0    0    0    2
  131  113  129   33    0    0    0    0    1
  341  161  337  290    0    0    0    0    1
  292  149  151  135    0    0    0    0    1
  330  319  325   83    0    0    0    0    1
  301  243  278  228    0    0    0    0    1
  274   98  207  100    0    0    0    0    2
  109   31   22   21    0    0    0    0    1
  134   42  132   34    0    0    0    0    2
  109   22   91   21    0    0    0    0    1
   94   14   23   13    0    0    0    0    2
  292  151  137  135    0    0    0    1    1
  281   95  279  219    0    0    0    0    1
  111   32   23   22    0    0    0    0    1
  292  223  151  149    0    0    0    1    1
  111   23   93   22    0    0    0    0    1
  280   95  275  219    0    0    0    0    1
  126   39   30   31    0    0    0    0    2
   94   13   76   14    0    0    0    0    2
  109   30   31   21    0    0    0    0    1
  285  221  141  139    0    0    1    0    1
  147   50   43   42    0    0    0    0    1
  207  100  199  118    0    0    0    0    2
  109   21  107   30    0    0    0    0    1
  126   30  110   31    0    0    0    0    2
  147   43  133   42    0    0    0    0    1
   94   74   76   13    0    0    0    0    2
  343  167  157  155    0    0    0    0    1
  207  199  186  187    1    0    0    0    2
  201  190  193  189    1    0    1    0    2
  128   40   31   32    0    0    0    0    2
  111   31   32   22    0    0    0    0    1
  111   22  109   31    0    0    0    0    1
  111   93   91   22    0    0    0    0    1
  126  110   30  108    0    0    0    0    2
  111   91  109   22    0    0    0    0    1
  113   32   33   23    0    0    0    0    1
  109   91   89   21    0    0    0    0    1
  109   89  107   21    0    0    0    0    1
  270  214  261    7    0    0    0    0    1
  173   62   63   57    0    0    0    0    1
  173   57  171   62    0    0    0    0    1
  288  125  285  141    0    0    0    0    1
  113   23  111   32    0    0    0    0    1
  147  133  131   42    0    0    0    0    1
  141   46   47   39    0    0    0    0    1
  113   95   93   23    0    0    0    0    1
  203  170  201  172    0    0    0    0    2
  128   31  112   32    0    0    0    0    2
  128  112   31  110    0    0    0    0    2
  328  121  103  101    0    0    0    1    1
  209   84  186  102    0    0    0    0    2
  173  161  171   57    0    0    0    0    1
  137   45   37   36    0    0    0    1    1
  209  186  200  102    0    0    0    0    2
  209  200  186  199    1    0    0    0    2
  270    7  266  214    1    0    0    0    1
  116   34   24   25    0    0    0    0    2
  341  171  337  161    0    0    0    0    1
  118   25  100   26    0    0    0    0    2
  137   37  121   36    0    0    0    1    1
  281   93   95   75    0    0    0    0    1
  159   56   50   49    0    0    0    0    1
  137  121  119   36    0    0    0    0    1
  159   50  147   49    0    0    0    0    1
  141   39  139   46    0    0    0    0    1
  281   95  277   75    0    0    0    0    1
  279  258  228  243    0    0    0    0    1
  279  258  243  233    0    0    0    0    1
  203  174  172  162    0    0    0    0    2
  141  125  139   39    0    0    0    0    1
  203  172  201  162    0    0    0    0    2
  281   75  277   93    0    0    0    0    1
  298  228  258  243    0    0    0    0    1
  180   66   65   62    0    0    0    0    2
  281  228  278  243    0    0    0    0    1
  144   48   47   40    0    0    0    0    2
  144   47  142   40    0    0    0    0    2
  144  142  128   40    0    0    0    0    2
  149   50   51   43    0    0    0    0    1
  149   43  147   50    0    0    0    0    1
  138   45   44   36    0    0    0    0    2
  288  284  141  221    0    0    0    0    1
  267    8  220  215    0    0    0    0    1
  159  147  145   49    0    0    0    0    1
  170   61   60   55    0    0    0    0    2
  270  255  250    7    0    0    0    0    1
  168   60   54   55    0    0    0    0    2
  113   93  111   23    0    0    0    0    1
  170   60  168   55    0    0    0    0    2
  267  215  235    8    0    0    0    0    1
  154   53   46   47    0    0    0    1    2
   98   15   80   16    0    0    0    0    2
  154   46  142   47    0    0    0    0    2
  149  133  147   43    0    0    0    0    1
  168   54  158   55    0    0    0    0    2
  277   93   75   73    0    0    0    0    1
  170  168  158   55    0    0    0    0    2
  152   52   51   44    0    0    0    0    2
  168  158   54  156    0    0    0    0    2
  152   51  150   44    0    0    0    0    2
   98   78   80   15    0    0    0    0    2
  174   63   57   58    0    0    1    0    2
  174   57  164   58    0    1    0    0    2
  335  181  179  177    0    0    0    1    1
  157   55   49   48    0    0    0    0    1
  177   62  171   61    0    0    0    0    1
  179   65   66   62    0    0    0    0    1
  281  243  279  228    0    0    0    0    1
   95   14   24   15    0    0    0    0    1
  294  161  290  149    0    0    0    0    1
  144   48   40   41    0    0    0    0    2
  290  163  151  149    0    0    0    1    1
  267  235  251    8    0    0    0    0    1
   91   71   89   12    0    0    0    0    1
   95   15   77   14    0    0    0    0    1
   95   14   77   75    0    0    0    0    1
   88   11   20   10    0    1    0    0    2
  116   24   98   25    0    0    0    0    2
  277   95  219   75    0    0    0    0    1
  298  258  235  243    0    0    0    0    1
  116   34   33   24    0    0    0    0    2
  201  160  146  148    0    0    0    0    2
  149   51   44   43    0    0    0    0    1
  138   44  136   36    0    0    0    0    2
  196  144  142  128    0    0    0    0    2
  196  154  140  142    0    0    0    1    2
  116   33  114   24    0    0    0    0    2
  138  136  120   36    0    0    0    0    2
   96   15   24   14    0    0    0    0    2
   96   14   78   15    0    0    0    0    2
  279  219  249  233    0    0    0    0    1
   89   20   21   11    0    0    0    0    1
   89   11   87   20    0    0    0    0    1
  343  157  287  155    0    0    0    0    1
   89   69   87   11    0    0    0    0    1
  116   96   98   24    0    0    0    0    2
  112   32   22   23    0    0    0    0    2
  112   22   94   23    0    0    0    0    2
  209  186  207  199    0    0    0    0    2
   96   76   78   14    0    0    0    0    2
  209  102  200  100    0    0    0    0    2
   93   13   23   14    0    0    0    0    1
   93   14   75   13    0    0    0    0    1
  298  235  251  225    0    0    0    0    1
  133   43   34   42    0    0    0    0    1
   93   13   75   73    0    0    0    0    1
  133   34  131   42    0    0    0    0    1
  123   38   30   29    0    0    1    0    1
  115   24   34   25    0    0    0    0    1
  115   25   97   24    0    0    0    0    1
  101   27   18   17    0    0    0    0    1
  101   18   83   17    0    0    0    0    1
  152  150  136   44    0    0    0    0    2
  101   83   81   17    0    0    0    0    1
  134  132  116   34    0    0    0    0    2
  157   49  145   48    0    0    0    0    1
  300  276  258  228    0    0    0    0    1
  118   35   34   25    0    0    0    0    2
  251  218  222    8   -2    0    0    0    1
  251    8  235  218    0    0    0    0    1
  115   33   34   24    0    0    0    0    1
  115   24  113   33    0    0    0    0    1
  115   97   95   24    0    0    0    0    1
  144   40  130   41    0    0    0    0    2
  144  130   40  128    0    0    0    0    2
   90   12   21   11    0    0    0    0    2
   90   11   72   12    0    0    0    0    2
  157  145  143   48    0    0    0    0    1
  115   95  113   24    0    0    0    0    1
  118   34  116   25    0    0    0    0    2
  118   98  100   25    0    0    0    0    2
  201  160  158  146    0    0    0    0    2
   90   70   72   11    0    0    0    0    2
   90   21   20   11    0    0    0    0    2
   90   20   88   11    0    0    0    0    2
  193  170  168  158    0    0    0    0    2
  116   24  114   96    0    0    0    0    2
   90   88   70   11    0    0    0    0    2
  270  250  266    7    1    0    0    0    1
   87   20   11   10    0    0    1    0    1
   87   11   69   10    0    0    0    0    1
   87   69   67   10    0    1    0    0    1
   88   10   70   11    0    0    0    0    2
   88   68   70   10    0    0    1    0    2
  118   25  116   98    0    0    0    0    2
  141   47   40   39    0    0    0    0    1
  177  171  169   61    0    0    0    0    1
  209  200  199  100    0    0    0    0    2
  193  168  156  158    0    0    0    0    2
  209  199  207  100    0    0    0    0    2
  267  212  220    8    0    0    0    0    1
  267    8  251  212    0    0    0    0    1
  165   59   54   53    0    0    1    0    1
   96   24   23   14    0    0    0    0    2
   96   23   94   14    0    0    0    0    2
  298  258  251  235    0    0    0    0    1
  123   30  107   29    0    0    0    0    1
  123  107  105   29    0    1    0    0    1
  301  228  298  243    0    0    0    0    1
  133  131   34  115    0    0    0    0    1
  139   46   39   38    0    0    1    0    1
  279  249  258  233    0    0    0    0    1
  290  151  223  149    0    0    0    1    1
  141   40  127   39    0    0    0    0    1
  320   99   81   79    0    0    0    0    1
  282  153  141  139    0    0    1    0    1
   96   94   76   14    0    0    0    0    2
  112   32   31   22    0    0    0    0    2
  112   31  110   22    0    0    0    0    2
  139   39  125   38    0    0    0    0    1
  108   30   20   21    0    0    0    0    2
  141  127  125   39    0    0    0    0    1
  209  100   98   80    0    0    0    0    2
  209   98  207   80    0    0    0    0    2
  112   92   94   22    0    0    0    0    2
  107   30   21   20    0    0    0    0    1
  314   73  304   91    0    0    0    0    1
  267  225  251  235    0    0    0    0    1
  112   22  110   92    0    0    0    0    2
   98   25   24   15    0    0    0    0    2
   98   24   96   15    0    0    0    0    2
   91   22   13   12    0    0    0    0    1
   91   13   73   12    0    0    0    0    1
   91   73   71   12    0    0    0    0    1
  108   20   90   21    0    0    0    0    2
  325  101   83   81    0    0    0    0    1
  281  277   73   93    0    0    0    0    1
  285  123  125  107    0    0    0    0    1
   93   23   13   22    0    0    0    0    1
   93   13   91   22    0    0    0    0    1
   93   91   13   73    0    0    0    0    1
  196  156  142  144    0    0    0    0    2
  196  156  154  142    0    0    0    0    2
  328  119  121  101    0    0    0    0    1
   98   96   78   15    0    0    0    0    2
  287  155  143  141    0    0    0    0    1
  149   44  135   43    0    0    0    0    1
  281  233  277  219    0    0    0    0    1
  328  321  121  119    0    0    0    1    1
  149  135  133   43    0    0    0    0    1
  301  225  297  235    0    0    0    0    1
  336  165  167  155    0    0    0    0    1
   95   23   24   14    0    0    0    0    1
   95   14   93   23    0    0    0    0    1
   95   75   93   14    0    0    0    0    1
  139  125  123   38    0    1    0    0    1
   99   26   17   16    0    0    0    0    1
  147   49   50   42    0    0    0    0    1
  134   43   34   35    0    0    0    0    2
   99   17   81   16    0    0    0    0    1
   99   81   79   16    0    0    0    0    1
   99   25   26   16    0    0    0    0    1
  165   54  155   53    0    0    0    0    1
  157   54   55   48    0    0    0    0    1
  147   42  145   49    0    0    0    0    1
  134   34  118   35    0    0    0    0    2
  120   36   26   27    0    0    0    0    2
  282  141  221  139    0    1    0    0    1
  101   26   27   17    0    0    0    0    1
   99   16   97   25    0    0    0    0    1
   99   79   97   16    0    0    0    0    1
  102   18   27   17    0    0    0    0    2
  102   17   84   18    0    0    0    0    2
  102   27   26   17    0    0    0    0    2
  102   26  100   17    0    0    0    0    2
  102  100   82   17    0    0    0    0    2
  120   26  102   27    0    0    0    0    2
  120   36   35   26    0    0    0    0    2
  101   17   99   26    0    0    0    0    1
  101   81   99   17    0    0    0    0    1
  209  207   98  100    0    0    0    0    2
  120   35  118   26    0    0    0    0    2
  241    6  234  216    1    0    0    0    1
  134  118   34  116    0    0    0    0    2
  164   51  152   52    0    1    0    0    2
  102   82   84   17    0    0    0    0    2
  108   30   29   20    0    0    0    0    2
  108   29  106   20    1    0    0    0    2
  120  100  102   26    0    0    0    0    2
  120   26  118  100    0    0    0    0    2
  336  165  155  153    0    0    1    0    1
  108   88   90   20    0    0    0    0    2
  108   20  106   88    1    0    0    0    2
  336  155  282  153    0    1    0    0    1
  154  142   46  140    0    1    0    0    2
  129   41   33   32    0    0    0    0    1
  281  219  279  233    0    0    0    0    1
  129   33  113   32    0    0    0    0    1
  107   21   89   20    0    0    0    0    1
  107   29   30   20    0    0    0    0    1
  107   20  105   29    1    0    0    0    1
  107   89   87   20    0    0    0    0    1
  107   87  105   20    1    0    0    0    1
  241  216  237    6   -1    0    0    0    1
  270  212  261  220    0    0    0    0    1
  126   39   38   30    0    0    0    0    2
  126   38  124   30    0    0    0    0    2
  126  124  108   30    0    0    0    0    2
  196  193  154  156    0    0    0    1    2
  196  158  156  144    0    0    0    0    2
  129  113  111   32    0    0    0    0    1
  196  144  193  158    0    0    0    0    2
  157   48  155   54    0    0    0    0    1
  121   37   28   27    0    0    0    1    1
  121   28  103   27    0    0    0    1    1
  147  131  145   42    0    0    0    0    1
  179   62  177   65    0    0    0    0    1
  282  153  155  141    0    0    0    0    1
  157  143  155   48    0    0    0    0    1
  125   39   30   38    0    0    0    0    1
  110   31   21   22    0    0    0    0    2
  110   21   92   22    0    0    0    0    2
  179  171  177   62    0    0    0    0    1
  314  281  277   73    0    0    0    0    1
  274  100  207  118    0    0    0    0    2
  110   31   30   21    0    0    0    0    2
  110   30  108   21    0    0    0    0    2
  235    8  224  218   -1    0    0    0    1
  110   90   92   21    0    0    0    0    2
  110   21  108   90    0    0    0    0    2
  125   30  123   38    0    0    0    0    1
  341  271  332  266    0    0    0    0    1
  203  193  194  189    1    0    0    0    2
  343  265  334  269    0    0    0    0    1
  205  110  195   92    0    0    0    0    2
  343  269  336  265    1    0    0    0    1
  340  175  177  167    0    0    0    0    1
  251    8  222  212   -2    0    0    0    1
  176   64   59   60    0    0    0    1    2
  274  118  116   98    0    0    0    0    2
  114   33   23   24    0    0    0    0    2
  114   23   96   24    0    0    0    0    2
  114   33   32   23    0    0    0    0    2
  114   32  112   23    0    0    0    0    2
  114   94   96   23    0    0    0    0    2
  114   23  112   94    0    0    0    0    2
  301  235  298  225    0    0    0    0    1
  153   53   47   46    0    0    1    0    1
  241    6  237  215   -1    0    0    0    1
  153   47  141   46    0    0    0    0    1
  328  101  103   83    0    0    0    0    1
  314  277  304   73    0    0    0    0    1
  121   36   37   27    0    0    0    0    1
  121   27  119   36    0    0    0    0    1
  117   35   26   25    0    0    0    0    1
  328  103  319   83    0    0    0    1    1
  203  189  201  193    0    0    0    1    2
  121  103  101   27    0    0    0    0    1
  121  101  119   27    0    0    0    0    1
  148   50   42   43    0    0    0    0    2
  148   42  134   43    0    0    0    0    2
  153  141  139   46    0    1    0    0    1
  201  158  193  146    0    0    0    0    2
  205  195  184  183    1    0    0    0    2
  150   51   43   44    0    0    0    0    2
  341  266  337  271    1    0    0    0    1
  196  193  156  158    0    0    0    0    2
  117   26   99   25    0    0    0    0    1
  117   34   35   25    0    0    0    0    1
  117   25  115   34    0    0    0    0    1
  117   99   97   25    0    0    0    0    1
  117   97  115   25    0    0    0    0    1
  146   49   48   41    0    0    0    0    2
  146   48  144   41    0    0    0    0    2
  146  144  130   41    0    0    0    0    2
  196  142  126  128    0    0    0    0    2
  196  126  195  128    0    0    0    0    2
  196  140  124  126    0    0    0    1    2
  130   41   40   32    0    0    0    0    2
  130   40  128   32    0    0    0    0    2
  130  128  112   32    0    0    0    0    2
  124   38   29   30    0    0    0    1    2
  124   29  108   30    0    0    0    0    2
  124  108   29  106    0    1    0    0    2
  196  124  195  126    0    0    0    1    2
  145   49   42   41    0    0    0    0    1
  145   42  131   41    0    0    0    0    1
  130   41   32   33    0    0    0    0    2
  145  131  129   41    0    0    0    0    1
  148  134   42  132    0    0    0    0    2
  130   32  114   33    0    0    0    0    2
  142   47   39   40    0    0    0    0    2
  142   39  128   40    0    0    0    0    2
  150   43  136   44    0    0    0    0    2
  150  136   43  134    0    0    0    0    2
  162   57   56   50    0    0    0    0    2
  125  123   30  107    0    0    0    0    1
  135   43   44   35    0    0    0    0    1
  135   35  133   43    0    0    0    0    1
  125   39   31   30    0    0    0    0    1
  125   31  109   30    0    0    0    0    1
  125  109  107   30    0    0    0    0    1
  127   40   32   31    0    0    0    0    1
  127   32  111   31    0    0    0    0    1
  127  111  109   31    0    0    0    0    1
  274  118  207  199    0    0    0    0    2
  142  128   39  126    0    0    0    0    2
  340  175  335  177    0    0    0    1    1
  179   66   63   62    0    0    0    1    1
  162   56  160   50    0    0    0    0    2
  127   39   40   31    0    0    0    0    1
  127   31  125   39    0    0    0    0    1
  127  109  125   31    0    0    0    0    1
  340  175  167  165    0    0    1    0    1
  230   97  117   99    0    0    0    0    1
  162  160  148   50    0    0    0    0    2
  177   65   61   60    0    0    0    0    1
  174  164   57  162    0    0    0    0    2
  129   40   41   32    0    0    0    0    1
  129   32  127   40    0    0    0    0    1
  129  111  127   32    0    0    0    0    1
  177   61  169   60    0    0    0    0    1
  179   63  173   62    0    0    0    1    1
  150   51   50   43    0    0    0    0    2
  340  167  336  165    0    1    0    0    1
  130  114   32  112    0    0    0    0    2
  177  169  167   60    0    0    0    0    1
  180   65  178   62    0    0    0    0    2
  135  117  133   35    0    0    0    0    1
  150   50  148   43    0    0    0    0    2
  343  282  287  265    0    0    0    0    1
  339  264  331    5    1    0    0    0    1
  133   43   35   34    0    0    0    0    1
  203  194  193  170    0    0    0    0    2
  150  148  134   43    0    0    0    0    2
  203  193  201  170    0    0    0    0    2
  132   42   41   33    0    0    0    0    2
  132   41  130   33    0    0    0    0    2
  132  130  114   33    0    0    0    0    2
  170   61   55   56    0    0    0    0    2
  196  142  140  126    0    0    0    0    2
  343  265  336  282    1    0    0    0    1
  133   35  117   34    0    0    0    0    1
  133  117  115   34    0    0    0    0    1
  343  287  157  229    0    0    0    0    1
  235  215  224    8   -1    0    0    0    1
  203  174  180  172    0    0    0    1    2
  203  180  178  172    0    0    0    0    2
  203  189  178  180    0    0    1    0    2
  136   44   43   35    0    0    0    0    2
  136   43  134   35    0    0    0    0    2
  136  134  118   35    0    0    0    0    2
  287  141  282  155    0    0    0    0    1
  136   44   35   36    0    0    0    0    2
  136   35  120   36    0    0    0    0    2
  136  120   35  118    0    0    0    0    2
  281  113   95   93    0    0    0    0    1
  180  178  172   62    0    0    0    0    2
  143   47   48   40    0    0    0    0    1
  143   40  141   47    0    0    0    0    1
  143  127  141   40    0    0    0    0    1
  275   77   97   79    0    0    0    0    1
  230  115  117   97    0    0    0    0    1
  143   48   41   40    0    0    0    0    1
  140   46   38   39    0    0    0    1    2
  140   38  126   39    0    0    0    0    2
  143   41  129   40    0    0    0    0    1
  143  129  127   40    0    0    0    0    1
  330   83  328  319    0    0    0    0    1
  140  126   38  124    0    1    0    0    2
  170   55  160   56    0    0    0    0    2
  163   58   52   51    0    0    0    1    1
  203  178  194  170    0    0    0    0    2
  275   77  219   95    0    0    0    0    1
  163   52  151   51    0    0    0    1    1
  163  151  149   51    0    0    0    0    1
  151   52   45   44    0    0    0    1    1
  165  155  153   53    0    1    0    0    1
  287  221  282  141    0    0    0    0    1
  151   45  137   44    0    0    0    1    1
  163   57   58   51    0    0    0    0    1
  163   51  161   57    0    0    0    0    1
  330  119  101   99    0    0    0    0    1
  281  111  113   93    0    0    0    0    1
  318  217  255  247    0    0    0    0    1
  155   54   48   47    0    0    0    0    1
  142   47   46   39    0    0    0    0    2
  142   46  140   39    0    0    0    0    2
  142  140  126   39    0    0    0    0    2
  281  278  113  111    0    0    0    0    1
  163  149  161   51    0    0    0    0    1
  151  137  135   44    0    0    0    0    1
  318  255  259  247    0    0    0    0    1
  160   56   49   50    0    0    0    0    2
  160   49  148   50    0    0    0    0    2
  314   93   73   91    0    0    0    0    1
  160  148   49  146    0    0    0    0    2
  170  160   55  158    0    0    0    0    2
  158   55   48   49    0    0    0    0    2
  305  123  107  105    0    0    1    0    1
  145   48   49   41    0    0    0    0    1
  145   41  143   48    0    0    0    0    1
  145  129  143   41    0    0    0    0    1
  158   48  146   49    0    0    0    0    2
  158  146   48  144    0    0    0    0    2
  199  136  118  120    0    0    0    0    2
  203  194  178  189    0    0    0    0    2
  241  224  235  215    0    0    0    0    1
  151   51   52   44    0    0    0    0    1
  151   44  149   51    0    0    0    0    1
  151  135  149   44    0    0    0    0    1
  176   59  168   60    0    0    0    0    2
  146   49   41   42    0    0    0    0    2
  146   41  132   42    0    0    0    0    2
  146  132   41  130    0    0    0    0    2
  182   65   66    9    0    1    0    0    2
  191  188  185    1    0    1    1    0    2
  281  233  279  243    0    0    0    0    1
  176  168   59  166    0    1    0    0    2
  160   56   55   49    0    0    0    0    2
  156   54   47   48    0    0    0    0    2
  160   55  158   49    0    0    0    0    2
  156   47  144   48    0    0    0    0    2
  160  158  146   49    0    0    0    0    2
  314   91  281   93    0    0    0    0    1
  148   50   49   42    0    0    0    0    2
  148   49  146   42    0    0    0    0    2
  148  146  132   42    0    0    0    0    2
  156  144   47  142    0    0    0    0    2
  182  180   66   65    0    0    0    1    2
  155   48  143   47    0    0    0    0    1
  177   64   65   60    0    0    0    0    1
  177   60  175   64    0    0    0    0    1
  171   62   57   56    0    0    0    0    1
  179  173  171   62    0    0    0    0    1
  155  143  141   47    0    0    0    0    1
  164  152   51  150    0    0    0    0    2
  305  285  107  123    0    0    1    0    1
  197  108   88   90    0    0    0    0    2
  158   55   54   48    0    0    0    0    2
  158   54  156   48    0    0    0    0    2
  171   57  161   56    0    0    0    0    1
  171  161  159   56    0    0    0    0    1
  168   60   59   54    0    0    0    0    2
  168   59  166   54    0    0    0    0    2
  155   53   54   47    0    0    0    0    1
  155   47  153   53    0    0    0    0    1
  155  141  153   47    0    0    0    0    1
  167   60   55   54    0    0    0    0    1
  156   54   53   47    0    0    0    0    2
  156   53  154   47    0    0    0    0    2
  156  154  142   47    0    0    0    0    2
  193  158  144  146    0    0    0    0    2
  199  136  134  118    0    0    0    0    2
  314  281   73   93    0    0    0    0    1
  197   88  183   90    0    0    0    1    2
  168  166  156   54    0    0    0    0    2
  314  277  281  233    0    0    0    0    1
  281   93  231  111    0    0    0    0    1
  164   58   57   51    0    0    0    0    2
  164   57  162   51    0    0    0    0    2
  161   57   51   50    0    0    0    0    1
  161   51  149   50    0    0    0    0    1
  158  156  144   48    0    0    0    0    2
  161  149  147   50    0    0    0    0    1
  167   55  157   54    0    0    0    0    1
  161   56   57   50    0    0    0    0    1
  161   50  159   56    0    0    0    0    1
  161  147  159   50    0    0    0    0    1
  164  162  150   51    0    0    0    0    2
  339    5  333  264    1    0    0    0    1
  203  178  170  172    0    0    0    0    2
  241  215  237  224   -1    0    0    0    1
  171   61   62   56    0    0    0    0    1
  167  157  155   54    0    0    0    0    1
  287  141  284  221    0    0    0    0    1
  203  164  174  162    0    0    0    1    2
  330   83  325  101    0    0    0    0    1
  203  162  201  164    0    1    0    0    2
  171   56  169   61    0    0    0    0    1
  171  159  169   56    0    0    0    0    1
  174   63   62   57    0    0    0    0    2
  314  233  304  277    0    0    0    0    1
  174   62  172   57    0    0    0    0    2
  177  167  175   60    0    0    0    0    1
  169   60   61   55    0    0    0    0    1
  166   59   53   54    0    0    0    1    2
  166   53  156   54    0    0    0    0    2
  169   55  167   60    0    0    0    0    1
  166  156   53  154    0    1    0    0    2
  169  157  167   55    0    0    0    0    1
  182  178  180   65    0    0    0    0    2
  318  247  256  217   -2    0    0    0    1
  169   61   56   55    0    0    0    0    1
  169   56  159   55    0    0    0    0    1
  169  159  157   55    0    0    0    0    1
  174  172  162   57    0    0    0    0    2
  281  231  278  111    0    0    0    0    1
  167   59   60   54    0    0    0    0    1
  167   54  165   59    0    0    0    0    1
  194  168  193  170    0    0    0    0    2
  270  220  267  212    0    0    0    0    1
  270  251  255  212    0    0    0    0    1
  167  155  165   54    0    0    0    0    1
  281   91  231   93    0    0    0    0    1
  270  212  267  251    0    0    0    0    1
  194  168  166  156    0    0    0    0    2
  245  235  241  224    0    0    0    0    1
  315  238  309    2    1    0    0    0    1
  182   64   65    9    0    0    1    0    2
  182  178   65   64    0    0    0    0    2
  178   65   60   61    0    0    0    0    2
  178   60  170   61    0    0    0    0    2
  181   65   64    9    0    1    0    0    1
  181  177   64   65    0    0    0    0    1
  175   64   60   59    0    0    1    0    1
  175   60  167   59    0    0    0    0    1
  175  167  165   59    0    1    0    0    1
  178  170   60  168    0    0    0    0    2
  182  176  178   64    0    0    1    0    2
  172   62   61   56    0    0    0    0    2
  172   61  170   56    0    0    0    0    2
  172  170  160   56    0    0    0    0    2
  172   62   56   57    0    0    0    0    2
  172   56  162   57    0    0    0    0    2
  172  162   56  160    0    0    0    0    2
  318  259  256  247    0    0    0    0    1
  281   95  280  279    0    0    0    0    1
  270  212  255    7    0    0    0    0    1
  194  156  193  168    0    0    0    0    2
  181  177  175   64    0    1    0    0    1
  287  227  283  272    0    0    0    0    1
  287  272  284  227    0    0    0    0    1
  181   66   65    9    0    0    1    0    1
  181  179   65   66    0    0    1    0    1
  181  179  177   65    0    0    0    0    1
  194  176  166  168    0    0    0    1    2
  194  166  154  156    0    0    0    1    2
  194  154  193  156    0    0    0    1    2
  281  278  228  276    0    0    0    0    1
  178   65   61   62    0    0    0    0    2
  178   61  172   62    0    0    0    0    2
  178  172   61  170    0    0    0    0    2
  178   65   64   60    0    0    0    0    2
  178   64  176   60    0    0    0    0    2
  178  176  168   60    0    0    0    0    2
  280  219  279   95    0    0    0    0    1
  194  170  178  168    0    0    0    0    2
  280  115   97   95    0    0    0    0    1
  327  257  318  252    0    0    0    0    1
  281  228  280  276    0    0    0    0    1
  197  108  106   88    0    1    0    0    2
  183   88   68   70    0    0    0    1    2
  197  110   90   92    0    0    0    0    2
  327  252  323  257    1    0    0    0    1
  183   90   88   70    0    0    0    0    2
  194  178  176  168    0    0    0    0    2
  280   97  230   99    0    0    0    0    1
  194  189  176  178    0    0    0    1    2
  341  171  161  159    0    0    0    0    1
  197   92  195  110    0    0    0    0    2
  197  110  108   90    0    0    0    0    2
  197  195  108  110    0    0    0    0    2
  341  161  294  159    0    0    0    0    1
  276  131  115  113    0    0    0    0    1
  205  195  192  184    1    0    0    0    2
  205  192  204  184    0    0    0    0    2
  189  182  176  178    0    0    0    1    2
  281  280  228  279    0    0    0    0    1
  206   90  197  183    0    0    0    0    2
  206  197  195  183    1    0    0    0    2
  197  126  124  108    0    0    0    0    2
  189  180  182  178    0    0    0    1    2
  197  108  195  126    0    0    0    0    2
  197  195  124  126    0    0    0    1    2
  206  195  205  183    0    0    0    0    2
  197  124  106  108    0    0    0    1    2
  201  193  190  192    1    0    0    0    2
  200  122  120  102    0    0    0    0    2
  200  120  100  102    0    0    0    0    2
  207  199  187  198    1    0    0    0    2
  200  120  118  100    0    0    0    0    2
  200  118  199  100    0    0    0    0    2
  201  190  198  192    0    0    0    1    2
  206   94   92   74    0    0    0    0    2
  294  223  289  149    0    0    0    0    1
  330  101  328   83    0    0    0    0    1
  200  199  118  120    0    0    0    0    2
  200  122  138  120    0    0    0    1    2
  206   74  205   94    0    0    0    0    2
  200  138  136  120    0    0    0    0    2
  200  136  199  120    0    0    0    0    2
  200  199  136  138    0    0    1    0    2
  202  152  164  150    0    0    0    1    2
  202  164  162  150    0    0    0    0    2
  202  201  162  164    0    0    1    0    2
  202  138  152  136    0    0    0    1    2
  202  136  199  138    0    1    0    0    2
  202  152  150  136    0    0    0    0    2
  202  150  134  136    0    0    0    0    2
  202  134  199  136    0    0    0    0    2
  202  150  148  134    0    0    0    0    2
  280   79  275   97    0    0    0    0    1
  206  205   92   94    0    0    0    0    2
  206   92   72   74    0    0    0    0    2
  276  131  230  115    0    0    0    0    1
  294  149  290  223    0    0    0    0    1
  294  266  289  223    0    0    0    0    1
  202  162  148  150    0    0    0    0    2
  202  162  160  148    0    0    0    0    2
  195  128  126  110    0    0    0    0    2
  195  126  108  110    0    0    0    0    2
  202  160  201  148    0    0    0    0    2
  202  201  160  162    0    0    0    0    2
  294  223  290  266    1    0    0    0    1
  315  308  242  238    0    0    0    0    1
  206   92   90   72    0    0    0    0    2
  206  195  197   92    0    0    0    0    2
  206   92  205  195    0    0    0    0    2
  207  187  204  198    0    0    0    0    2
  206   92  197   90    0    0    0    0    2
  208   94   74   76    0    0    0    0    2
  208  205   74   94    0    0    0    0    2
  198  192  190  191    1    1    0    0    2
  208   96   76   78    0    0    0    0    2
  206   90   70   72    0    0    0    0    2
  206  183   70   90    0    0    0    0    2
  315  242  309  238    1    0    0    0    1
  294  270  289  266    0    0    0    0    1
  281  113  280   95    0    0    0    0    1
  281  278  276  113    0    0    0    0    1
  315  244  308  238    0    0    0    0    1
  301  235  297  241    0    0    0    0    1
  208   98   96   78    0    0    0    0    2
  278  129  113  111    0    0    0    0    1
  287  265  282  221    1    0    0    0    1
  287  221  284  265    0    0    0    0    1
  208   98   78   80    0    0    0    0    2
  208   80  207   98    0    0    0    0    2
  208   96   94   76    0    0    0    0    2
  258    4  249  210    0    0    0    0    1
  219   95   77   75    0    0    0    0    1
  258  210  253    4   -2    0    0    0    1
  315  232  307    2    0    0    0    0    1
  318  256  252  217   -2    0    0    0    1
  318  252  257  217    1    0    0    0    1
  301  243  298  235    0    0    0    0    1
  296  226  270  255    0    0    0    0    1
  281  276  280  113    0    0    0    0    1
  204  184  192  185    1    0    0    0    2
  204  198  187  188    1    0    0    0    2
  204  185  191  188    0    0    0    0    2
  204  191  198  188    1    0    0    0    2
  204  192  191  185    1    0    0    0    2
  204  198  191  192    0    0    0    0    2
  280   95   97   77    0    0    0    0    1
  258  243  233    4    0    0    0    0    1
  258  233  249    4    0    0    0    0    1
  318  250  255  217    0    0    0    0    1
  230  133  135  117    0    0    0    0    1
  230  115  133  117    0    0    0    0    1
  230  133  115  131    0    0    0    0    1
  243  218  239    4   -1    0    0    0    1
  343  167  169  157    0    0    0    0    1
  318  217  257  250    1    0    0    0    1
  337  173  163  161    0    0    0    1    1
  270    7  261  212    0    0    0    0    1
  337  163  290  161    0    0    0    1    1
  337  171  173  161    0    0    0    0    1
  343  169  229  157    0    0    0    0    1
  296  270  251  255    0    0    0    0    1
  343  338  229  169    0    0    0    0    1
  229  157  145  143    0    0    0    0    1
  341  294  290  266    0    0    0    0    1
  290  161  163  149    0    0    0    0    1
  229  157  159  145    0    0    0    0    1
  311   89   71   69    0    0    0    0    1
  287  265  284  272    0    0    0    0    1
  341  290  337  266    1    0    0    0    1
  300  258  298  228    0    0    0    0    1
  243  235  224  218    0    0    0    0    1
  243  224  239  218   -1    0    0    0    1
  243  213  233    4    0    0    0    0    1
  243    4  239  213   -1    0    0    0    1
  343  283  287  229    0    0    0    0    1
  278  111  231  129    0    0    0    0    1
  341  294  229  159    0    0    0    0    1
  343  229  338  283    0    0    0    0    1
  341  169  171  159    0    0    0    0    1
  280   97  275   77    0    0    0    0    1
  329   81  320   99    0    0    0    0    1
  330  119  328  101    0    0    0    0    1
  343  273  334  272    0    0    0    0    1
  229  169  159  157    0    0    0    0    1
  294  159  161  147    0    0    0    0    1
  294  147  291  159    0    0    0    0    1
  330  326  321  119    0    0    0    0    1
  343  272  338  273    0    0    0    0    1
  292  135  137  119    0    0    0    0    1
  280   77  275   95    0    0    0    0    1
  343  272  287  283    0    0    0    0    1
  341  159  229  169    0    0    0    0    1
  294  159  291  229    0    0    0    0    1
  343  283  338  272    0    0    0    0    1
  329  275  280   79    0    0    0    0    1
  231  125  127  109    0    0    0    0    1
  341  229  338  169    0    0    0    0    1
  339  332  271  262    0    0    0    0    1
  343  265  287  272    0    0    0    0    1
  329   79  320  275    0    0    0    0    1
  312  288  285  234    0    0    0    0    1
  312  285  305  234    1    0    0    0    1
  341  270  332  273    0    0    0    0    1
  231  127  129  111    0    0    0    0    1
  301  278  231  129    0    0    0    0    1
  329   99  320   79    0    0    0    0    1
  326  250  295  255    0    0    0    0    1
  294  161  149  147    0    0    0    0    1
  341  273  338  270    0    0    0    0    1
  294  226  289  270    0    0    0    0    1
  294  270  291  226    0    0    0    0    1
  296  251  267  225    0    0    0    0    1
  289  270  226  255    0    0    0    0    1
  296  270  267  251    0    0    0    0    1
  301  231  286  129    0    0    0    0    1
  326  255  318  250    0    0    0    0    1
  329  280  275  249    0    0    0    0    1
  287  155  157  143    0    0    0    0    1
  300  251  296  225    0    0    0    0    1
  295  149  292  135    0    0    0    0    1
  303   87   69   67    0    0    1    0    1
  287  157  283  143    0    0    0    0    1
  231  127  111  109    0    0    0    0    1
  295  149  289  223    0    0    0    0    1
  284  227  272  241    0    0    0    0    1
  229  159  147  145    0    0    0    0    1
  231  111   93   91    0    0    0    0    1
  300  225  298  251    0    0    0    0    1
  280  258  279  249    0    0    0    0    1
  330  321  328  119    0    0    0    0    1
  274  112   92   94    0    0    0    0    2
  329  275  320  249    0    0    0    0    1
  287  283  157  229    0    0    0    0    1
  259  253  256  222   -2    0    0    0    1
  231  109  111   91    0    0    0    0    1
  314  240  304  233    0    0    0    0    1
  259  222  258  253    0    0    0    0    1
  259  222  255  251    0    0    0    0    1
  259  251  258  222    0    0    0    0    1
  288  141  285  221    0    0    0    0    1
  314  233  310  240    0    0    0    0    1
  316  306  312  245    0    0    0    0    1
  316  245  314  306    0    0    0    0    1
  316  314  245  310    0    0    0    0    1
  245  224  243  235    0    0    0    0    1
  259  247  255  222    0    0    0    0    1
  245  243  224  239    0    0    0    0    1
  288  234  284  221    0    0    0    0    1
  259  222  256  247   -2    0    0    0    1
  284  272  234  241    0    0    0    0    1
  295  223  292  149    0    0    0    0    1
  295  135  119  117    0    0    0    0    1
  288  221  285  234    1    0    0    0    1
  258  235  243  218    0    0    0    0    1
  258  218  251  235    0    0    0    0    1
  316  245  315  310    0    0    0    0    1
  288  141  287  143    0    0    0    0    1
  316  245  312  308    0    0    0    0    1
  316  308  315  245    0    0    0    0    1
  288  284  287  141    0    0    0    0    1
  310  213  240  233    0    0    0    0    1
  280  276  228  258    0    0    0    0    1
  280  228  279  258    0    0    0    0    1
  310  233  243  213    0    0    0    0    1
  295  119  230  117    0    0    0    0    1
  295  117  230  135    0    0    0    0    1
  245  224  244  239   -1    0    0    0    1
  314  306  245  243    0    0    0    0    1
  280  219  275  249    0    0    0    0    1
  245  224  241  237    0    0    0    0    1
  295  147  294  149    0    0    0    0    1
  245  237  244  224   -1    0    0    0    1
  272    6  263  211    0    0    0    0    1
  272  211  265    6    1    0    0    0    1
  272  234  241    6    0    0    0    0    1
  272    6  265  234    1    0    0    0    1
  272  220  263  215    0    0    0    0    1
  272  215  267  220    0    0    0    0    1
  255  212  247    7   -2    0    0    0    1
  284  234  265  221    1    0    0    0    1
  272  215  241  235    0    0    0    0    1
  272  235  267  215    0    0    0    0    1
  284  272  265  234    0    0    0    0    1
  310  213  243  239    0    0    0    0    1
  312  285  288  107    0    0    0    0    1
  310  243  245  239    0    0    0    0    1
  310  239  244  213   -1    0    0    0    1
  288  283  286  143    0    0    0    0    1
  295  149  294  289    0    0    0    0    1
  280  249  279  219    0    0    0    0    1
  288  143  287  283    0    0    0    0    1
  310  245  244  239    0    0    0    0    1
  288  227  286  283    0    0    0    0    1
  288  283  287  227    0    0    0    0    1
  310  236  240  213    0    0    0    0    1
  310  213  244  236   -1    0    0    0    1
  316  109  314   91    0    0    0    0    1
  312  107  305  285    0    0    0    0    1
  329   97   99   79    0    0    0    0    1
  314  245  310  243    0    0    0    0    1
  314  233  281  243    0    0    0    0    1
  314  243  310  233    0    0    0    0    1
  314  243  281  278    0    0    0    0    1
  314  278  306  243    0    0    0    0    1
  314  231  281   91    0    0    0    0    1
  314  281  231  278    0    0    0    0    1
  314  231  306  278    0    0    0    0    1
  314  231   91  109    0    0    0    0    1
  314  109  306  231    0    0    0    0    1
  314   91  304   71    0    0    0    0    1
  341  270  294  266    0    0    0    0    1
  258  222  251  218    0    0    0    0    1
  288  125  109  107    0    0    0    0    1
  291  147  229  159    0    0    0    0    1
  295  291  293  226    0    0    0    0    1
  274   92  205   94    0    0    0    0    2
  341  266  332  270    0    0    0    0    1
  274  112  110   92    0    0    0    0    2
  255  222  247  212   -2    0    0    0    1
  255  212  251  222    0    0    0    0    1
  274  110  205   92    0    0    0    0    2
  255    7  247  217   -2    0    0    0    1
  255  217  250    7    1    0    0    0    1
  341  294  270  291    0    0    0    0    1
  274  205  110  195    0    0    0    0    2
  274  146  144  130    0    0    0    0    2
  258  218  253  222   -2    0    0    0    1
  258  218  243    4    0    0    0    0    1
  258    4  253  218   -2    0    0    0    1
  272    6  241  215    0    0    0    0    1
  272  215  263    6    0    0    0    0    1
  274  193  144  146    0    0    0    0    2
  274  196  193  192    1    0    0    0    2
  274  195  196  192    1    0    0    0    2
  274  134  116  118    0    0    0    0    2
  274  118  199  134    0    0    0    0    2
  274  193  196  144    0    0    0    0    2
  274  144  128  130    0    0    0    0    2
  274  196  128  144    0    0    0    0    2
  274  196  195  128    0    0    0    0    2
  274  134  132  116    0    0    0    0    2
  274  146  201  193    0    0    0    0    2
  274  201  192  193    0    0    0    0    2
  274  132  114  116    0    0    0    0    2
  274  130  112  114    0    0    0    0    2
  330  323  327  248    0    0    0    0    1
  329   79  280   97    0    0    0    0    1
  274  199  207  198    0    0    0    0    2
  291  145  229  147    0    0    0    0    1
  274  205  195  192    0    0    0    0    2
  274  204  205  192    0    0    0    0    2
  274  201  198  192    0    0    0    0    2
  274  207  204  198    0    0    0    0    2
  274  148  146  132    0    0    0    0    2
  274  201  146  148    0    0    0    0    2
  274  202  201  148    0    0    0    0    2
  274  198  202  199    1    0    0    0    2
  274  130  128  112    0    0    0    0    2
  274  128  110  112    0    0    0    0    2
  274  195  110  128    0    0    0    0    2
  274  201  202  198    1    0    0    0    2
  274  148  132  134    0    0    0    0    2
  274  134  202  148    0    0    0    0    2
  288  109  231  107    0    0    0    0    1
  288  231  109  125    0    0    0    0    1
  288  227  287  284    0    0    0    0    1
  274  199  202  134    0    0    0    0    2
  288  141  127  125    0    0    0    0    1
  308  216  241  234    0    0    0    0    1
  343  272  334  265    0    0    0    0    1
  341  270  338  291    0    0    0    0    1
  341  294  291  229    0    0    0    0    1
  341  291  338  229    0    0    0    0    1
  344  336  340  167    0    0    0    0    1
  344  167  343  336    0    0    0    0    1
  344  269  339  331    0    0    0    0    1
  344  331  340  269    1    0    0    0    1
  338  299  283  229    0    0    0    0    1
  344  340  336  269    1    0    0    0    1
  338  291  299  229    0    0    0    0    1
  295  226  294  291    0    0    0    0    1
  295  289  294  226    0    0    0    0    1
  295  147  293  291    0    0    0    0    1
  295  291  294  147    0    0    0    0    1
  308  234  242  216    1    0    0    0    1
  288  241  284  234    0    0    0    0    1
  288  141  143  127    0    0    0    0    1
  288  143  286  127    0    0    0    0    1
  338  273  267  270    0    0    0    0    1
  338  267  299  270    0    0    0    0    1
  344  336  343  269    0    0    0    0    1
  338  299  291  270    0    0    0    0    1
  295  223  289  250    0    0    0    0    1
  295  250  292  223    1    0    0    0    1
  273  267  270  220    0    0    0    0    1
  273  220  272  267    0    0    0    0    1
  273  220  268  263    0    0    0    0    1
  273  263  272  220    0    0    0    0    1
  273  261  268  220    0    0    0    0    1
  338  273  272  267    0    0    0    0    1
  338  272  299  267    0    0    0    0    1
  273  220  270  261    0    0    0    0    1
  334  211  268  260    0    0    0    0    1
  334  260  269  211    1    0    0    0    1
  274  146  130  132    0    0    0    0    2
  274  116   96   98    0    0    0    0    2
  274   96  208   98    0    0    0    0    2
  274  208  207   98    0    0    0    0    2
  274  116  114   96    0    0    0    0    2
  274  204  208  205    0    0    0    0    2
  274  207  208  204    0    0    0    0    2
  274  114   94   96    0    0    0    0    2
  274   94  208   96    0    0    0    0    2
  274  114  112   94    0    0    0    0    2
  274  205  208   94    0    0    0    0    2
  274  132  130  114    0    0    0    0    2
  274  204  192  198    0    0    0    0    2
  288  227  284  241    0    0    0    0    1
  288  241  286  227    0    0    0    0    1
  280  113  115   95    0    0    0    0    1
  280  276  115  113    0    0    0    0    1
  280  115  230   97    0    0    0    0    1
  280  276  230  115    0    0    0    0    1
  301  286  241  227    0    0    0    0    1
  301  241  297  227    0    0    0    0    1
  329  280   99   97    0    0    0    0    1
  316  109  312  306    0    0    0    0    1
  288  127  231  125    0    0    0    0    1
  288  286  231  127    0    0    0    0    1
  283  157  229  143    0    0    0    0    1
  288  107  285  125    0    0    0    0    1
  283  143  229  145    0    0    0    0    1
  308  242  238  216    1    0    0    0    1
  316  306  314  109    0    0    0    0    1
  316  109   91   89    0    0    0    0    1
  308  238  244  216   -1    0    0    0    1
  308  237  241  216    0    0    0    0    1
  304   91   73   71    0    0    0    0    1
  324  210  254  246    0    0    0    0    1
  308  245  241  237    0    0    0    0    1
  316  304  311   71    0    0    0    0    1
  316   71  314  304    0    0    0    0    1
  300  255  296  251    0    0    0    0    1
  316   91  314   71    0    0    0    0    1
  344  334  339  269    0    0    0    0    1
  308  216  244  237   -1    0    0    0    1
  326  230  119  117    0    0    0    0    1
  344  269  343  334    0    0    0    0    1
  326  117  322  230    0    0    0    0    1
  295  135  292  119    0    0    0    0    1
  295  135  230  133    0    0    0    0    1
  286  129  231  127    0    0    0    0    1
  306  245  235  241    0    0    0    0    1
  299  291  270  226    0    0    0    0    1
  299  270  296  226    0    0    0    0    1
  306  235  301  241    0    0    0    0    1
  293  133  230  131    0    0    0    0    1
  306  231  301  278    0    0    0    0    1
  306  286  301  231    0    0    0    0    1
  306  301  286  241    0    0    0    0    1
  302  129  131  113    0    0    0    0    1
  306  245  243  235    0    0    0    0    1
  302  129  301  286    0    0    0    0    1
  302  143  145  129    0    0    0    0    1
  302  283  145  143    0    0    0    0    1
  286  143  129  127    0    0    0    0    1
  306  243  301  235    0    0    0    0    1
  302  286  227  283    0    0    0    0    1
  297  241  272  227    0    0    0    0    1
  297  272  241  235    0    0    0    0    1
  297  225  267  235    0    0    0    0    1
  297  267  272  235    0    0    0    0    1
  289  270  255  250    0    0    0    0    1
  289  223  266  250    1    0    0    0    1
  289  266  270  250    0    0    0    0    1
  295  230  293  133    0    0    0    0    1
  330  248  328  323    1    0    0    0    1
  302  301  227  286    0    0    0    0    1
  299  283  229  145    0    0    0    0    1
  299  229  291  145    0    0    0    0    1
  299  272  283  227    0    0    0    0    1
  299  227  297  272    0    0    0    0    1
  299  225  296  267    0    0    0    0    1
  299  267  297  225    0    0    0    0    1
  302  227  299  283    0    0    0    0    1
  326  295  292  119    0    0    0    0    1
  302  299  227  297    0    0    0    0    1
  302  227  301  297    0    0    0    0    1
  302  147  131  145    0    0    0    0    1
  306  301  243  278    0    0    0    0    1
  312  231  109  107    0    0    0    0    1
  302  145  291  147    0    0    0    0    1
  295  250  289  255    0    0    0    0    1
  324  246  256  210   -2    0    0    0    1
  326  292  321  119    0    0    0    0    1
  338  299  272  283    0    0    0    0    1
  295  149  135  133    0    0    0    0    1
  293  147  133  131    0    0    0    0    1
  316  107  109   89    0    0    0    0    1
  299  267  296  270    0    0    0    0    1
  344  177  169  167    0    0    0    0    1
  319  103   85   83    0    0    0    1    1
  344  169  343  167    0    0    0    0    1
  295  147  149  133    0    0    0    0    1
  295  133  293  147    0    0    0    0    1
  295  255  289  226    0    0    0    0    1
  295  226  293  255    0    0    0    0    1
  299  272  297  267    0    0    0    0    1
  339  271  333  262    1    0    0    0    1
  302  113  278  129    0    0    0    0    1
  312  306  109  231    0    0    0    0    1
  302  278  301  129    0    0    0    0    1
  324  210  256  253   -2    0    0    0    1
  324  256  259  253    0    0    0    0    1
  300  251  298  258    0    0    0    0    1
  324  253  258  210    0    0    0    0    1
  300  255  293  226    0    0    0    0    1
  300  226  296  255    0    0    0    0    1
  302  276  278  113    0    0    0    0    1
  302  278  276  228    0    0    0    0    1
  302  228  301  278    0    0    0    0    1
  300  230  276  131    0    0    0    0    1
  300  131  293  230    0    0    0    0    1
  324  259  258  253    0    0    0    0    1
  326  250  318  257    0    0    0    0    1
  302  276  300  228    0    0    0    0    1
  302  300  298  228    0    0    0    0    1
  302  298  301  228    0    0    0    0    1
  302  298  300  225    0    0    0    0    1
  302  225  301  298    0    0    0    0    1
  302  225  299  297    0    0    0    0    1
  316  312  109  107    0    0    0    0    1
  316   89   91   71    0    0    0    0    1
  316   71  311   89    0    0    0    0    1
  316  240  311  304    0    0    0    0    1
  315    2  309  232    1    0    0    0    1
  302  297  301  225    0    0    0    0    1
  302  296  299  225    0    0    0    0    1
  302  225  300  296    0    0    0    0    1
  302  145  299  291    0    0    0    0    1
  302  129  286  143    0    0    0    0    1
  302  143  286  283    0    0    0    0    1
  302  145  131  129    0    0    0    0    1
  302  283  299  145    0    0    0    0    1
  302  291  293  147    0    0    0    0    1
  302  147  293  131    0    0    0    0    1
  302  131  276  113    0    0    0    0    1
  302  300  276  131    0    0    0    0    1
  302  293  300  131    0    0    0    0    1
  302  226  293  291    0    0    0    0    1
  302  300  293  226    0    0    0    0    1
  302  291  299  226    0    0    0    0    1
  302  226  299  296    0    0    0    0    1
  302  296  300  226    0    0    0    0    1
  315  236  244    2   -1    0    0    0    1
  315  310  244  236    0    0    0    0    1
  312  288  241  286    0    0    0    0    1
  312  241  306  286    0    0    0    0    1
  312  107  288  231    0    0    0    0    1
  308  244  245  237    0    0    0    0    1
  312  231  288  286    0    0    0    0    1
  312  286  306  231    0    0    0    0    1
  312  306  241  245    0    0    0    0    1
  312  241  308  245    0    0    0    0    1
  312  241  288  234    0    0    0    0    1
  312  234  308  241    0    0    0    0    1
  312  234  305  242    1    0    0    0    1
  312  242  308  234    0    0    0    0    1
  316   89  311   69    0    0    0    0    1
  316   69  313   89    0    0    0    0    1
  316  311  303   69    0    0    0    0    1
  313  107   89   87    0    0    0    0    1
  315    2  307  236    0    0    0    0    1
  313  105  107   87    0    0    1    0    1
  313  305  107  105    0    0    1    0    1
  315  236  307  240    0    0    0    0    1
  315  240  310  236    0    0    0    0    1
  315  308  244  245    0    0    0    0    1
  315  244  310  245    0    0    0    0    1
  316  303  313   69    0    0    0    0    1
  313   87   89   69    0    0    0    0    1
  313   69  303   87    0    1    0    0    1
  316  305  312  107    0    0    0    0    1
  316  107  313  305    0    0    0    0    1
  316   89  313  107    0    0    0    0    1
  316  304  314  240    0    0    0    0    1
  316  240  314  310    0    0    0    0    1
  316  310  315  240    0    0    0    0    1
  316  307  311  240    0    0    0    0    1
  316  240  315  307    0    0    0    0    1
  316  242  312  305    0    0    0    0    1
  316  305  313  242    1    0    0    0    1
  316  242  313  309    1    0    0    0    1
  316  309  315  242    0    0    0    0    1
  316  308  312  242    0    0    0    0    1
  316  242  315  308    0    0    0    0    1
  316  309  313  232    1    0    0    0    1
  316  232  315  309    0    0    0    0    1
  316  232  311  307    0    0    0    0    1
  316  307  315  232    0    0    0    0    1
  316  303  311  232    0    0    0    0    1
  316  232  313  303    1    0    0    0    1
  326  257  321  250    1    0    0    0    1
  326  292  295  250    0    0    0    0    1
  330  248  325  319    0    0    0    0    1
  326  250  321  292    1    0    0    0    1
  344  167  340  177    0    0    0    0    1
  326  259  318  255    0    0    0    0    1
  321  137  121  119    0    0    0    1    1
  321  119  292  137    0    1    0    0    1
  326  255  322  259    0    0    0    0    1
  329   99  230  117    0    0    0    0    1
  326  295  293  255    0    0    0    0    1
  326  293  322  255    0    0    0    0    1
  326  230  295  119    0    0    0    0    1
  324  249  254  210    0    0    0    0    1
  324  210  258  249    0    0    0    0    1
  326  295  230  293    0    0    0    0    1
  326  230  322  293    0    0    0    0    1
  329  230  322  117    0    0    0    0    1
  330  319  328  248    1    0    0    0    1
  327    3  317  248    0    0    0    0    1
  327  248  323    3    1    0    0    0    1
  330  317  325  248    0    0    0    0    1
  330  248  327  317    0    0    0    0    1
  322  259  255  251    0    0    0    0    1
  322  255  300  251    0    0    0    0    1
  330  257  326  318    0    0    0    0    1
  329  249  320  254    0    0    0    0    1
  329  254  324  249    0    0    0    0    1
  329   99  280  230    0    0    0    0    1
  329  230  280  276    0    0    0    0    1
  329  276  322  230    0    0    0    0    1
  322  300  255  293    0    0    0    0    1
  322  258  259  251    0    0    0    0    1
  322  251  300  258    0    0    0    0    1
  322  258  300  276    0    0    0    0    1
  322  276  300  230    0    0    0    0    1
  322  300  293  230    0    0    0    0    1
  329  280  258  276    0    0    0    0    1
  329  258  322  276    0    0    0    0    1
  329  322  258  259    0    0    0    0    1
  330  318  327  257    0    0    0    0    1
  330  257  327  323    0    0    0    0    1
  330  323  328  257    1    0    0    0    1
  330  321  326  257    0    0    0    0    1
  330  257  328  321    1    0    0    0    1
  330   81  329   99    0    0    0    0    1
  330  325  320   81    0    0    0    0    1
  330  320  329   81    0    0    0    0    1
  327  252  256    3   -2    0    0    0    1
  327    3  323  252    1    0    0    0    1
  327  318  256  252    0    0    0    0    1
  330  117  119   99    0    0    0    0    1
  330  326  119  117    0    0    0    0    1
  329  258  324  259    0    0    0    0    1
  329  258  280  249    0    0    0    0    1
  329  249  324  258    0    0    0    0    1
  342  177  179  171    0    0    0    0    1
  330  322  326  117    0    0    0    0    1
  327    3  256  246   -2    0    0    0    1
  327  256  324  246    0    0    0    0    1
  330  117  329  322    0    0    0    0    1
  330   99  329  117    0    0    0    0    1
  327  246  317    3    0    0    0    0    1
  330  254  325  317    0    0    0    0    1
  330  317  327  254    0    0    0    0    1
  327  254  317  246    0    0    0    0    1
  327  246  324  254    0    0    0    0    1
  327  318  259  256    0    0    0    0    1
  327  259  324  256    0    0    0    0    1
  330  254  327  324    0    0    0    0    1
  330  324  329  254    0    0    0    0    1
  330  320  325  254    0    0    0    0    1
  334  269  265  211    1    0    0    0    1
  334  265  272  211    0    0    0    0    1
  334  263  268  211    0    0    0    0    1
  342  177  335  179    0    1    0    0    1
  332  214  268  261    0    0    0    0    1
  330  254  329  320    0    0    0    0    1
  330  318  326  259    0    0    0    0    1
  330  259  327  318    0    0    0    0    1
  330  327  259  324    0    0    0    0    1
  330  259  329  324    0    0    0    0    1
  330  259  326  322    0    0    0    0    1
  330  322  329  259    0    0    0    0    1
  332  268  273  261    0    0    0    0    1
  332  261  270  214    0    0    0    0    1
  332  273  270  261    0    0    0    0    1
  332  270  266  214    0    0    0    0    1
  332  266  271  214    1    0    0    0    1
  332  262  268  214    0    0    0    0    1
  332  214  271  262    1    0    0    0    1
  344  169  341  338    0    0    0    0    1
  334  273  268  263    0    0    0    0    1
  334  211  272  263    0    0    0    0    1
  334  272  273  263    0    0    0    0    1
  339    5  268  262    0    0    0    0    1
  339  262  333    5    1    0    0    0    1
  339  268  332  262    0    0    0    0    1
  339  260  268    5    0    0    0    0    1
  339  334  268  260    0    0    0    0    1
  339    5  331  260    1    0    0    0    1
  342  179  173  171    0    0    0    1    1
  342  173  337  171    0    0    0    1    1
  339  332  268  273    0    0    0    0    1
  339  268  334  273    0    0    0    0    1
  339  260  331  269    1    0    0    0    1
  339  269  334  260    0    0    0    0    1
  344  338  343  169    0    0    0    0    1
  344  332  339  273    0    0    0    0    1
  344  273  341  332    0    0    0    0    1
  344  341  273  338    0    0    0    0    1
  344  273  343  338    0    0    0    0    1
  344  273  339  334    0    0    0    0    1
  344  334  343  273    0    0    0    0    1
  344  177  171  169    0    0    0    0    1
  344  171  341  169    0    0    0    0    1
  344  177  342  171    0    0    0    0    1
  344  337  341  171    0    0    0    0    1
  344  171  342  337    0    0    0    0    1
  344  335  340  264    1    0    0    0    1
  344  264  342  335    1    0    0    0    1
  344  264  339  333    0    0    0    0    1
  344  333  342  264    1    0    0    0    1
  344  331  339  264    0    0    0    0    1
  344  264  340  331    1    0    0    0    1
  344  340  335  177    0    0    0    0    1
  344  335  342  177    0    0    0    0    1
  344  271  339  332    0    0    0    0    1
  344  332  341  271    0    0    0    0    1
  344  341  337  271    0    0    0    0    1
  344  337  342  271    1    0    0    0    1
  344  333  339  271    0    0    0    0    1
  344  271  342  333    1    0    0    0    1
    2    50.D0 
    1.D0      1.D0      0.D0
    1.D0      1.D0     3.215D7
    2
    2
    0.D0     -0.05D0     0.D0
    0.05D0     0.D0      0.D0

