  72
 0.74364110E-02
 0.74364110E-02
 0.45835610E-01
 0.33490427E-01
 0.83028907E-02
 0.31295553E-01
 0.18553635E-01
 0.18553635E-01
 0.37109978E-01
 0.83028907E-02
 0.33490427E-01
 0.31295553E-01
 0.45835610E-01
 0.74364110E-02
 0.74364110E-02
 0.38624763E-01
 0.19872805E-01
 0.16429890E-01
 0.33070967E-01
 0.33070967E-01
 0.77419616E-02
 0.19872805E-01
 0.38624763E-01
 0.16429890E-01
 0.74364110E-02
 0.45835610E-01
 0.74364110E-02
 0.74364110E-02
 0.74364110E-02
-0.45835610E-01
 0.33490427E-01
 0.83028907E-02
-0.31295553E-01
 0.18553635E-01
 0.18553635E-01
-0.37109978E-01
 0.83028907E-02
 0.33490427E-01
-0.31295553E-01
 0.45835610E-01
 0.74364110E-02
-0.74364110E-02
 0.38624763E-01
 0.19872805E-01
-0.16429890E-01
 0.33070967E-01
 0.33070967E-01
-0.77419616E-02
 0.19872805E-01
 0.38624763E-01
-0.16429890E-01
 0.74364110E-02
 0.45835610E-01
-0.74364110E-02
 0.74364110E-02
-0.74364110E-02
 0.45835610E-01
 0.33490427E-01
-0.83028907E-02
 0.31295553E-01
 0.18553635E-01
-0.18553635E-01
 0.37109978E-01
 0.83028907E-02
-0.33490427E-01
 0.31295553E-01
 0.45835610E-01
-0.74364110E-02
 0.74364110E-02
 0.38624763E-01
-0.19872805E-01
 0.16429890E-01
 0.33070967E-01
-0.33070967E-01
 0.77419616E-02
 0.19872805E-01
-0.38624763E-01
 0.16429890E-01
 0.74364110E-02
-0.45835610E-01
 0.74364110E-02
 0.74364110E-02
-0.74364110E-02
-0.45835610E-01
 0.33490427E-01
-0.83028907E-02
-0.31295553E-01
 0.18553635E-01
-0.18553635E-01
-0.37109978E-01
 0.83028907E-02
-0.33490427E-01
-0.31295553E-01
 0.45835610E-01
-0.74364110E-02
-0.74364110E-02
 0.38624763E-01
-0.19872805E-01
-0.16429890E-01
 0.33070967E-01
-0.33070967E-01
-0.77419616E-02
 0.19872805E-01
-0.38624763E-01
-0.16429890E-01
 0.74364110E-02
-0.45835610E-01
-0.74364110E-02
-0.74364110E-02
 0.74364110E-02
 0.45835610E-01
-0.33490427E-01
 0.83028907E-02
 0.31295553E-01
-0.18553635E-01
 0.18553635E-01
 0.37109978E-01
-0.83028907E-02
 0.33490427E-01
 0.31295553E-01
-0.45835610E-01
 0.74364110E-02
 0.74364110E-02
-0.38624763E-01
 0.19872805E-01
 0.16429890E-01
-0.33070967E-01
 0.33070967E-01
 0.77419616E-02
-0.19872805E-01
 0.38624763E-01
 0.16429890E-01
-0.74364110E-02
 0.45835610E-01
 0.74364110E-02
-0.74364110E-02
 0.74364110E-02
-0.45835610E-01
-0.33490427E-01
 0.83028907E-02
-0.31295553E-01
-0.18553635E-01
 0.18553635E-01
-0.37109978E-01
-0.83028907E-02
 0.33490427E-01
-0.31295553E-01
-0.45835610E-01
 0.74364110E-02
-0.74364110E-02
-0.38624763E-01
 0.19872805E-01
-0.16429890E-01
-0.33070967E-01
 0.33070967E-01
-0.77419616E-02
-0.19872805E-01
 0.38624763E-01
-0.16429890E-01
-0.74364110E-02
 0.45835610E-01
-0.74364110E-02
-0.74364110E-02
-0.74364110E-02
 0.45835610E-01
-0.33490427E-01
-0.83028907E-02
 0.31295553E-01
-0.18553635E-01
-0.18553635E-01
 0.37109978E-01
-0.83028907E-02
-0.33490427E-01
 0.31295553E-01
-0.45835610E-01
-0.74364110E-02
 0.74364110E-02
-0.38624763E-01
-0.19872805E-01
 0.16429890E-01
-0.33070967E-01
-0.33070967E-01
 0.77419616E-02
-0.19872805E-01
-0.38624763E-01
 0.16429890E-01
-0.74364110E-02
-0.45835610E-01
 0.74364110E-02
-0.74364110E-02
-0.74364110E-02
-0.45835610E-01
-0.33490427E-01
-0.83028907E-02
-0.31295553E-01
-0.18553635E-01
-0.18553635E-01
-0.37109978E-01
-0.83028907E-02
-0.33490427E-01
-0.31295553E-01
-0.45835610E-01
-0.74364110E-02
-0.74364110E-02
-0.38624763E-01
-0.19872805E-01
-0.16429890E-01
-0.33070967E-01
-0.33070967E-01
-0.77419616E-02
-0.19872805E-01
-0.38624763E-01
-0.16429890E-01
-0.74364110E-02
-0.45835610E-01
-0.74364110E-02
 0.35260391E+00
 0.13797768E+01
-0.35260350E+00
-0.13797768E+01
-0.77544854E-06
-0.10867021E-08
 0.51207417E+00
 0.18305293E+01
-0.15787019E+01
-0.51751180E+01
 0.59374977E-01
 0.17274244E+00
 0.86976838E+00
 0.30159645E+01
-0.86977530E+00
-0.30159893E+01
 0.12277434E-05
 0.12036166E-04
 0.15787071E+01
 0.51751194E+01
-0.51207185E+00
-0.18305299E+01
-0.59374318E-01
-0.17274249E+00
 0.44589749E+00
 0.19126981E+01
-0.21227543E+01
-0.69947839E+01
 0.77034421E-01
 0.16371870E+00
 0.78261364E+00
 0.24897580E+01
-0.19032996E+01
-0.63311415E+01
 0.42267811E-01
-0.10073233E+00
 0.14438435E+01
 0.49599915E+01
-0.14438314E+01
-0.49599915E+01
 0.51195693E-05
 0.13150343E-06
 0.19032985E+01
 0.63311410E+01
-0.78262711E+00
-0.24897633E+01
-0.42263020E-01
 0.10074676E+00
 0.21227570E+01
 0.69947829E+01
-0.44589099E+00
-0.19126976E+01
-0.77034391E-01
-0.16372009E+00
 0.35261381E+00
 0.13798151E+01
-0.35260436E+00
-0.13797787E+01
 0.99952376E-06
 0.10191995E-04
 0.51208884E+00
 0.18305608E+01
-0.15787038E+01
-0.51751356E+01
-0.59372507E-01
-0.17271821E+00
 0.86977416E+00
 0.30159903E+01
-0.86976707E+00
-0.30159607E+01
 0.14662977E-04
 0.14278779E-04
 0.15787128E+01
 0.51751466E+01
-0.51206875E+00
-0.18305347E+01
 0.59373520E-01
 0.17274812E+00
 0.44589162E+00
 0.19127035E+01
-0.21227579E+01
-0.69947934E+01
-0.77032588E-01
-0.16370836E+00
 0.78262097E+00
 0.24897640E+01
-0.19032993E+01
-0.63311415E+01
-0.42260930E-01
 0.10074863E+00
 0.14438446E+01
 0.49599957E+01
-0.14438330E+01
-0.49599943E+01
 0.13394363E-05
 0.49893861E-05
 0.19032961E+01
 0.63311424E+01
-0.78262407E+00
-0.24897578E+01
 0.42272143E-01
-0.10073102E+00
 0.21227584E+01
 0.69947925E+01
-0.44589257E+00
-0.19126999E+01
 0.77034891E-01
 0.16372105E+00
-0.35261390E+00
-0.13798144E+01
-0.35260513E+00
-0.13797795E+01
 0.29268963E-05
 0.98216851E-05
-0.51208436E+00
-0.18305597E+01
-0.15787067E+01
-0.51751370E+01
-0.59371192E-01
-0.17271984E+00
-0.86977673E+00
-0.30159898E+01
-0.86976683E+00
-0.30159624E+01
 0.78240200E-05
 0.13273475E-04
-0.15787104E+01
-0.51751461E+01
-0.51207471E+00
-0.18305351E+01
 0.59379429E-01
 0.17274763E+00
-0.44589514E+00
-0.19127035E+01
-0.21227565E+01
-0.69947944E+01
-0.77036515E-01
-0.16370942E+00
-0.78262746E+00
-0.24897637E+01
-0.19032974E+01
-0.63311419E+01
-0.42264376E-01
 0.10074744E+00
-0.14438314E+01
-0.49599957E+01
-0.14438447E+01
-0.49599953E+01
 0.41388357E-05
 0.23592975E-05
-0.19032967E+01
-0.63311429E+01
-0.78262293E+00
-0.24897587E+01
 0.42271681E-01
-0.10073324E+00
-0.21227577E+01
-0.69947929E+01
-0.44589490E+00
-0.19127001E+01
 0.77035643E-01
 0.16372098E+00
-0.35260493E+00
-0.13797753E+01
-0.35260254E+00
-0.13797749E+01
 0.15087174E-05
-0.10190585E-06
-0.51207769E+00
-0.18305299E+01
-0.15787005E+01
-0.51751189E+01
 0.59380226E-01
 0.17274235E+00
-0.86976695E+00
-0.30159624E+01
-0.86977696E+00
-0.30159881E+01
-0.52425457E-06
 0.12345499E-04
-0.15787086E+01
-0.51751194E+01
-0.51206768E+00
-0.18305299E+01
-0.59369870E-01
-0.17274234E+00
-0.44588837E+00
-0.19126981E+01
-0.21227560E+01
-0.69947839E+01
 0.77034652E-01
 0.16371863E+00
-0.78261703E+00
-0.24897585E+01
-0.19032984E+01
-0.63311424E+01
 0.42270083E-01
-0.10073281E+00
-0.14438388E+01
-0.49599905E+01
-0.14438347E+01
-0.49599910E+01
 0.42798852E-05
 0.26300685E-06
-0.19032984E+01
-0.63311405E+01
-0.78262728E+00
-0.24897633E+01
-0.42263016E-01
 0.10074734E+00
-0.21227565E+01
-0.69947824E+01
-0.44589287E+00
-0.19126976E+01
-0.77034593E-01
-0.16371959E+00
 0.35261288E+00
 0.13798155E+01
 0.35260636E+00
 0.13797793E+01
 0.45022143E-05
 0.10151773E-04
 0.51209044E+00
 0.18305601E+01
 0.15787023E+01
 0.51751342E+01
-0.59374068E-01
-0.17271824E+00
 0.86977625E+00
 0.30159912E+01
 0.86976606E+00
 0.30159607E+01
 0.13391200E-04
 0.14665437E-04
 0.15787128E+01
 0.51751475E+01
 0.51207012E+00
 0.18305349E+01
 0.59376471E-01
 0.17274821E+00
 0.44589698E+00
 0.19127024E+01
 0.21227562E+01
 0.69947901E+01
-0.77033527E-01
-0.16370855E+00
 0.78262401E+00
 0.24897633E+01
 0.19032974E+01
 0.63311386E+01
-0.42261604E-01
 0.10074946E+00
 0.14438478E+01
 0.49599981E+01
 0.14438305E+01
 0.49599967E+01
 0.92131063E-06
 0.43318864E-05
 0.19032974E+01
 0.63311434E+01
 0.78262228E+00
 0.24897585E+01
 0.42272020E-01
-0.10073210E+00
 0.21227567E+01
 0.69947910E+01
 0.44589686E+00
 0.19126992E+01
 0.77037804E-01
 0.16372162E+00
 0.35260403E+00
 0.13797766E+01
 0.35260424E+00
 0.13797767E+01
-0.32565731E-06
 0.48073741E-07
 0.51207739E+00
 0.18305298E+01
 0.15787004E+01
 0.51751180E+01
 0.59377566E-01
 0.17274198E+00
 0.86976850E+00
 0.30159638E+01
 0.86977512E+00
 0.30159888E+01
 0.13701487E-05
 0.12113494E-04
 0.15787066E+01
 0.51751208E+01
 0.51207280E+00
 0.18305314E+01
-0.59375383E-01
-0.17274147E+00
 0.44590375E+00
 0.19126971E+01
 0.21227520E+01
 0.69947805E+01
 0.77035703E-01
 0.16371922E+00
 0.78261423E+00
 0.24897587E+01
 0.19032990E+01
 0.63311415E+01
 0.42267371E-01
-0.10073406E+00
 0.14438424E+01
 0.49599938E+01
 0.14438332E+01
 0.49599938E+01
 0.43986593E-05
-0.39451027E-06
 0.19032998E+01
 0.63311429E+01
 0.78262585E+00
 0.24897640E+01
-0.42263620E-01
 0.10074721E+00
 0.21227572E+01
 0.69947815E+01
 0.44589046E+00
 0.19126968E+01
-0.77036276E-01
-0.16372088E+00
-0.35260478E+00
-0.13797753E+01
 0.35260364E+00
 0.13797750E+01
 0.56436050E-06
-0.63784661E-07
-0.51207840E+00
-0.18305293E+01
 0.15786995E+01
 0.51751175E+01
 0.59381224E-01
 0.17274237E+00
-0.86976922E+00
-0.30159626E+01
 0.86977541E+00
 0.30159872E+01
 0.26549508E-05
 0.11881504E-04
-0.15787061E+01
-0.51751204E+01
 0.51207429E+00
 0.18305309E+01
-0.59377421E-01
-0.17274195E+00
-0.44589540E+00
-0.19126976E+01
 0.21227536E+01
 0.69947834E+01
 0.77037282E-01
 0.16372050E+00
-0.78262097E+00
-0.24897575E+01
 0.19032964E+01
 0.63311429E+01
 0.42272195E-01
-0.10073049E+00
-0.14438376E+01
-0.49599905E+01
 0.14438367E+01
 0.49599910E+01
 0.41953585E-05
 0.92052397E-06
-0.19033002E+01
-0.63311419E+01
 0.78262460E+00
 0.24897642E+01
-0.42262554E-01
 0.10074785E+00
-0.21227541E+01
-0.69947805E+01
 0.44589859E+00
 0.19126967E+01
-0.77038616E-01
-0.16372027E+00
-0.35261351E+00
-0.13798149E+01
 0.35260618E+00
 0.13797801E+01
 0.40388372E-05
 0.97925022E-05
-0.51208609E+00
-0.18305602E+01
 0.15787055E+01
 0.51751370E+01
-0.59372906E-01
-0.17271928E+00
-0.86977696E+00
-0.30159905E+01
 0.86976695E+00
 0.30159621E+01
 0.87960452E-05
 0.13660128E-04
-0.15787122E+01
-0.51751461E+01
 0.51206887E+00
 0.18305349E+01
 0.59375100E-01
 0.17274782E+00
-0.44590616E+00
-0.19127029E+01
 0.21227522E+01
 0.69947925E+01
-0.77039376E-01
-0.16370916E+00
-0.78261280E+00
-0.24897640E+01
 0.19033023E+01
 0.63311415E+01
-0.42258240E-01
 0.10074816E+00
-0.14438437E+01
-0.49599957E+01
 0.14438331E+01
 0.49599948E+01
 0.12095304E-05
 0.31483307E-05
-0.19032986E+01
-0.63311419E+01
 0.78261739E+00
 0.24897585E+01
 0.42270236E-01
-0.10073307E+00
-0.21227553E+01
-0.69947901E+01
 0.44589943E+00
 0.19126992E+01
 0.77038988E-01
 0.16372098E+00

