  20
 0.00000000E+00
 0.00000000E+00
 0.00000000E+00
 0.49999999E-02
 0.00000000E+00
 0.00000000E+00
 0.99999998E-02
 0.00000000E+00
 0.00000000E+00
 0.15000000E-01
 0.00000000E+00
 0.00000000E+00
 0.20000000E-01
 0.00000000E+00
 0.00000000E+00
 0.24999999E-01
 0.00000000E+00
 0.00000000E+00
 0.29999999E-01
 0.00000000E+00
 0.00000000E+00
 0.35000000E-01
 0.00000000E+00
 0.00000000E+00
 0.39999999E-01
 0.00000000E+00
 0.00000000E+00
 0.44999998E-01
 0.00000000E+00
 0.00000000E+00
 0.55000000E-01
 0.00000000E+00
 0.00000000E+00
 0.59999999E-01
 0.00000000E+00
 0.00000000E+00
 0.64999998E-01
 0.00000000E+00
 0.00000000E+00
 0.70000000E-01
 0.00000000E+00
 0.00000000E+00
 0.74999996E-01
 0.00000000E+00
 0.00000000E+00
 0.79999998E-01
 0.00000000E+00
 0.00000000E+00
 0.85000001E-01
 0.00000000E+00
 0.00000000E+00
 0.89999996E-01
 0.00000000E+00
 0.00000000E+00
 0.94999999E-01
 0.00000000E+00
 0.00000000E+00
 0.99999994E-01
 0.00000000E+00
 0.00000000E+00
 0.35026054E-06
 0.21761032E-08
-0.25913687E-06
 0.31532745E-07
 0.64528282E-06
-0.38699923E-06
 0.33238191E-06
 0.24492693E-08
-0.53442852E+00
-0.52228962E+00
 0.61149331E-06
-0.39862268E-06
 0.32130200E-06
 0.18055472E-08
-0.10513145E+01
-0.10635258E+01
 0.57628239E-06
-0.39533225E-06
 0.31804587E-06
-0.12325297E-08
-0.15321396E+01
-0.16417244E+01
 0.52956263E-06
-0.37815997E-06
 0.32718279E-06
-0.86013706E-08
-0.19570020E+01
-0.22739395E+01
 0.45734143E-06
-0.34931969E-06
 0.36145719E-06
-0.22580881E-07
-0.23032695E+01
-0.29736007E+01
 0.34484991E-06
-0.31359458E-06
 0.44661029E-06
-0.44799811E-07
-0.25451937E+01
-0.37484760E+01
 0.18376771E-06
-0.27966846E-06
 0.62034484E-06
-0.73371334E-07
-0.26535134E+01
-0.45953867E+01
-0.15343293E-07
-0.26116492E-06
 0.91599254E-06
-0.98108822E-07
-0.25944749E+01
-0.54833970E+01
-0.20950696E-06
-0.27646233E-06
 0.13500311E-05
-0.98083666E-07
-0.23235840E+01
-0.62847494E+01
-0.32548527E-06
-0.34485006E-06
-0.30713610E-06
-0.45752070E-06
-0.17710449E+01
-0.84509200E+01
-0.33340693E-06
-0.61363323E-06
-0.89731407E-07
-0.41440485E-06
-0.14495364E+01
-0.91750037E+01
-0.22652986E-06
-0.56737727E-06
 0.52614244E-09
-0.38060629E-06
-0.12254681E+01
-0.99767708E+01
-0.16055670E-06
-0.53024290E-06
 0.45379716E-07
-0.35227839E-06
-0.10532225E+01
-0.10787652E+02
-0.11888656E-06
-0.49920471E-06
 0.69363349E-07
-0.32793430E-06
-0.91607713E+00
-0.11597521E+02
-0.91913027E-07
-0.47254166E-06
 0.82507770E-07
-0.30672780E-06
-0.80452122E+00
-0.12404369E+02
-0.73921605E-07
-0.44908295E-06
 0.89575517E-07
-0.28807879E-06
-0.71234083E+00
-0.13208063E+02
-0.61523721E-07
-0.42809742E-06
 0.93060564E-07
-0.27155377E-06
-0.63522331E+00
-0.14009013E+02
-0.52686842E-07
-0.40908991E-06
 0.94359868E-07
-0.25681423E-06
-0.57002132E+00
-0.14807656E+02
-0.46176639E-07
-0.39172382E-06
 0.94297928E-07
-0.24358989E-06
-0.51438512E+00
-0.15604387E+02
-0.41228222E-07
-0.37575894E-06

