   38   72
     0.000     0.000     0.050
     0.025     0.000     0.043
     0.000     0.025     0.043
     0.043     0.000     0.025
     0.031     0.031     0.025
     0.000     0.043     0.025
     0.050     0.000     0.000
     0.043     0.025     0.000
     0.025     0.043     0.000
     0.000     0.050     0.000
     0.000     0.000    -0.050
     0.025     0.000    -0.043
     0.000     0.025    -0.043
     0.043     0.000    -0.025
     0.031     0.031    -0.025
     0.000     0.043    -0.025
     0.000    -0.025     0.043
     0.031    -0.031     0.025
     0.000    -0.043     0.025
     0.043    -0.025     0.000
     0.025    -0.043     0.000
     0.000    -0.050     0.000
     0.000    -0.025    -0.043
     0.031    -0.031    -0.025
     0.000    -0.043    -0.025
    -0.025     0.000     0.043
    -0.043     0.000     0.025
    -0.031     0.031     0.025
    -0.050     0.000     0.000
    -0.043     0.025     0.000
    -0.025     0.043     0.000
    -0.025     0.000    -0.043
    -0.043     0.000    -0.025
    -0.031     0.031    -0.025
    -0.031    -0.031     0.025
    -0.043    -0.025     0.000
    -0.025    -0.043     0.000
    -0.031    -0.031    -0.025
    2    3    1
    4    5    2
    5    3    2
    5    6    3
    7    8    4
    8    5    4
    8    9    5
    9    6    5
    9   10    6
   12   11   13
   14   12   15
   15   12   13
   15   13   16
    7   14    8
    8   14   15
    8   15    9
    9   15   16
    9   16   10
    2    1   17
    4    2   18
   18    2   17
   18   17   19
    7    4   20
   20    4   18
   20   18   21
   21   18   19
   21   19   22
   12   23   11
   14   24   12
   24   23   12
   24   25   23
    7   20   14
   20   24   14
   20   21   24
   21   25   24
   21   22   25
   26    1    3
   27   26   28
   28   26    3
   28    3    6
   29   27   30
   30   27   28
   30   28   31
   31   28    6
   31    6   10
   32   13   11
   33   34   32
   34   13   32
   34   16   13
   29   30   33
   30   34   33
   30   31   34
   31   16   34
   31   10   16
   26   17    1
   27   35   26
   35   17   26
   35   19   17
   29   36   27
   36   35   27
   36   37   35
   37   19   35
   37   22   19
   32   11   23
   33   32   38
   38   32   23
   38   23   25
   29   33   36
   36   33   38
   36   38   37
   37   38   25
   37   25   22
    -3
    -2
     1
    -6
    -5
     4
    -5
     1
     7
    -7
    -9
     8
   -12
   -11
    10
   -11
     4
    13
   -13
   -15
    14
   -15
     8
    16
   -16
   -18
    17
   -21
   -20
    19
   -24
   -23
    22
   -25
   -21
   -23
   -27
   -26
    25
   -10
   -29
    28
   -30
   -24
   -29
   -14
   -31
    30
   -32
   -27
   -31
   -17
   -33
    32
   -35
   -34
     3
   -37
   -36
     6
   -38
   -35
   -36
   -40
   -39
    38
   -42
   -41
    12
   -43
   -37
   -41
   -45
   -44
    43
   -46
   -40
   -44
   -48
   -47
    46
   -19
   -50
    49
   -22
   -52
    51
   -52
    49
    53
   -53
   -55
    54
   -28
   -56
    42
   -56
    51
    57
   -57
   -58
    45
   -58
    54
    59
   -59
   -60
    48
   -62
     2
    61
   -65
   -64
    63
   -66
   -62
   -64
   -67
     9
    66
   -70
   -69
    68
   -71
   -65
   -69
   -73
   -72
    71
   -74
   -67
   -72
   -75
    18
    74
   -77
    20
    76
   -80
   -79
    78
   -79
    76
    81
   -81
    26
    82
   -84
   -83
    70
   -83
    78
    85
   -85
   -86
    73
   -86
    82
    87
   -87
    33
    75
   -61
    34
    88
   -63
   -90
    89
   -90
    88
    91
   -91
    39
    92
   -68
   -94
    93
   -94
    89
    95
   -95
   -97
    96
   -97
    92
    98
   -98
    47
    99
  -100
    50
    77
  -102
  -101
    80
  -103
  -100
  -101
  -104
    55
   103
   -93
  -105
    84
  -106
  -102
  -105
   -96
  -107
   106
  -108
  -104
  -107
   -99
    60
   108
   108
     2
     3
     3
     1
     2
     1
     4
     5
     5
     2
     4
     2
     5
     3
     5
     6
     6
     3
     7
     8
     8
     4
     7
     4
     8
     5
     8
     9
     9
     5
     9
     6
     9
    10
    10
     6
    12
    11
    11
    13
    12
    13
    14
    12
    12
    15
    14
    15
    15
    13
    13
    16
    15
    16
     7
    14
    14
     8
     8
    15
    15
     9
     9
    16
    16
    10
     1
    17
     2
    17
     2
    18
     4
    18
    18
    17
    17
    19
    18
    19
     4
    20
     7
    20
    20
    18
    18
    21
    20
    21
    21
    19
    19
    22
    21
    22
    12
    23
    23
    11
    14
    24
    24
    12
    24
    23
    24
    25
    25
    23
    20
    14
    20
    24
    21
    24
    21
    25
    22
    25
    26
     1
    26
     3
    27
    26
    26
    28
    27
    28
    28
     3
    28
     6
    29
    27
    27
    30
    29
    30
    30
    28
    28
    31
    30
    31
    31
     6
    31
    10
    32
    13
    32
    11
    33
    34
    34
    32
    33
    32
    34
    13
    34
    16
    30
    33
    29
    33
    30
    34
    31
    34
    31
    16
    26
    17
    27
    35
    35
    26
    35
    17
    35
    19
    29
    36
    36
    27
    36
    35
    36
    37
    37
    35
    37
    19
    37
    22
    32
    23
    32
    38
    33
    38
    38
    23
    38
    25
    33
    36
    36
    38
    38
    37
    37
    25
     1
    38
    72
   108
     1
     1
     1
    -1
     1
     1
    -1
    -1
     1
     1
    -1
     1
     1
     1
    -1
    -1
     1
    -1
    -1
    -1
    -1
     1
    -1
    -1
     1
     2
     3
     4
     5
     6
     7
     8
     9
    10
    11
    12
    13
    14
    15
    16
    17
    18
    19
    20
    21
    22
    23
    24
    25
    26
    27
    28
    29
    30
    31
    32
    33
    34
    35
    36
    37
    38
    39
    40
    41
    42
    43
    44
    45
    46
    47
    48
    49
    50
    51
    52
    53
    54
    55
    56
    57
    58
    59
    60
    61
    62
    63
    64
    65
    66
    67
    68
    69
    70
    71
    72
    73
    74
    75
    76
    77
    78
    79
    80
    81
    82
    83
    84
    85
    86
    87
    88
    89
    90
    91
    92
    93
    94
    95
    96
    97
    98
    99
   100
   101
   102
   103
   104
   105
   106
   107
   108
     0
     0
     0
     0
     0
     0
     0
     0
     0
     0
     0
     0
     0
     0
     0
     0
     0
     0
     0
     0
     0
     0
     0
     0
     0
     0
     0
     0
     0
     0
     0
     0
     0
     0
     0
     0
     0
     0
     0
     0
     0
     0
     0
     0
     0
     0
     0
     0
     0
     0
     0
     0
     0
     0
     0
     0
     0
     0
     0
     0
     0
     0
     0
     0
     0
     0
     0
     0
     0
     0
     0
     0
     1
     1
     1
    -1
     1
     1
    -1
    -1
     1
     1
    -1
     1
    -1
    -1
     1
     1
    -1
     1
     1
     1
     1
    -1
     1
     1
     1
     1
     1
     1
    -1
    -1
    -1
    -1
     1
    -1
     1
    -1
     1
     1
    -1
     1
    -1
     1
    -1
    -1
    -1
    -1
     1
     1
    18
    18
    21
    20
    21
    22
    19
    19
    23
    22
    23
    23
    20
    20
    24
    23
    24
    24
    21
    21
    25
    24
    25
    11
    22
    22
    12
    12
    23
    23
    13
    13
    24
    24
    14
    14
    25
    25
    15
     1
    26
     2
    26
     2
    27
     4
    27
    27
    26
    26
    28
    27
    28
     4
    29
     7
    29
    29
    27
    27
    30
    29
    30
    30
    28
    28
    31
    30
    31
     7
    32
    11
    32
    32
    29
    29
    33
    32
    33
    33
    30
    30
    34
    33
    34
    34
    31
    31
    35
    34
    35
    17
    36
    36
    16
    19
    37
    37
    17
    37
    36
    37
    38
    38
    36
    22
    39
    39
    19
    39
    37
    39
    40
    40
    37
    40
    38
    40
    41
    41
    38
    32
    22
    32
    39
    33
    39
    33
    40
    34
    40
    34
    41
    35
    41
    42
     1
    42
     3
    43
    42
    42
    44
    43
    44
    44
     3
    44
     6
    45
    43
    43
    46
    45
    46
    46
    44
    44
    47
    46
    47
    47
     6
    47
    10
    48
    45
    45
    49
    48
    49
    49
    46
    46
    50
    49
    50
    50
    47
    47
    51
    50
    51
    51
    10
    51
    15
    52
    18
    52
    16
    53
    54
    54
    52
    53
    52
    54
    18
    54
    21
    55
    56
    56
    53
    55
    53
    56
    54
    56
    57
    57
    54
    57
    21
    57
    25
    49
    55
    48
    55
    49
    56
    50
    56
    50
    57
    51
    57
    51
    25
    42
    26
    43
    58
    58
    42
    58
    26
    58
    28
    45
    59
    59
    43
    59
    58
    59
    60
    60
    58
    60
    28
    60
    31
    48
    61
    61
    45
    61
    59
    61
    62
    62
    59
    62
    60
    62
    63
    63
    60
    63
    31
    63
    35
    52
    36
    52
    64
    53
    64
    64
    36
    64
    38
    53
    65
    55
    65
    65
    64
    64
    66
    65
    66
    66
    38
    66
    41
    55
    61
    61
    65
    65
    62
    62
    66
    66
    63
    63
    41
     1
    66
   128
   192
     1
     1
     1
    -1
     1
     1
    -1
    -1
     1
     1
    -1
     1
     1
     1
    -1
    -1
     1
    -1
    -1
    -1
    -1
     1
    -1
    -1
     1
     2
     3
     4
     5
     6
     7
     8
     9
    10
    11
    12
    13
    14
    15
    16
    17
    18
    19
    20
    21
    22
    23
    24
    25
    26
    27
    28
    29
    30
    31
    32
    33
    34
    35
    36
    37
    38
    39
    40
    41
    42
    43
    44
    45
    46
    47
    48
    49
    50
    51
    52
    53
    54
    55
    56
    57
    58
    59
    60
    61
    62
    63
    64
    65
    66
    67
    68
    69
    70
    71
    72
    73
    74
    75
    76
    77
    78
    79
    80
    81
    82
    83
    84
    85
    86
    87
    88
    89
    90
    91
    92
    93
    94
    95
    96
    97
    98
    99
   100
   101
   102
   103
   104
   105
   106
   107
   108
   109
   110
   111
   112
   113
   114
   115
   116
   117
   118
   119
   120
   121
   122
   123
   124
   125
   126
   127
   128
   129
   130
   131
   132
   133
   134
   135
   136
   137
   138
   139
   140
   141
   142
   143
   144
   145
   146
   147
   148
   149
   150
   151
   152
   153
   154
   155
   156
   157
   158
   159
   160
   161
   162
   163
   164
   165
   166
   167
   168
   169
   170
   171
   172
   173
   174
   175
   176
   177
   178
   179
   180
   181
   182
   183
   184
   185
   186
   187
   188
   189
   190
   191
   192
     0
     0
     0
     0
     0
     0
     0
     0
     0
     0
     0
     0
     0
     0
     0
     0
     0
     0
     0
     0
     0
     0
     0
     0
     0
     0
     0
     0
     0
     0
     0
     0
     0
     0
     0
     0
     0
     0
     0
     0
     0
     0
     0
     0
     0
     0
     0
     0
     0
     0
     0
     0
     0
     0
     0
     0
     0
     0
     0
     0
     0
     0
     0
     0
     0
     0
     0
     0
     0
     0
     0
     0
     0
     0
     0
     0
     0
     0
     0
     0
     0
     0
     0
     0
     0
     0
     0
     0
     0
     0
     0
     0
     0
     0
     0
     0
     0
     0
     0
     0
     0
     0
     0
     0
     0
     0
     0
     0
     0
     0
     0
     0
     0
     0
     0
     0
     0
     0
     0
     0
     0
     0
     0
     0
     0
     0
     0
     0
     1
     1
     1
    -1
     1
     1
    -1
    -1
     1
     1
    -1
     1
    -1
    -1
     1
     1
    -1
     1
     1
     1
     1
    -1
     1
     1
     1
     1
     1
     1
    -1
    -1
    -1
    -1
     1
    -1
     1
    -1
     1
     1
    -1
     1
    -1
     1
    -1
    -1
    -1
    -1
     1
     1

