  72
 0.74364110E-02
 0.74364110E-02
 0.45835610E-01
 0.33490427E-01
 0.83028907E-02
 0.31295553E-01
 0.18553635E-01
 0.18553635E-01
 0.37109978E-01
 0.83028907E-02
 0.33490427E-01
 0.31295553E-01
 0.45835610E-01
 0.74364110E-02
 0.74364110E-02
 0.38624763E-01
 0.19872805E-01
 0.16429890E-01
 0.33070967E-01
 0.33070967E-01
 0.77419616E-02
 0.19872805E-01
 0.38624763E-01
 0.16429890E-01
 0.74364110E-02
 0.45835610E-01
 0.74364110E-02
 0.74364110E-02
 0.74364110E-02
-0.45835610E-01
 0.33490427E-01
 0.83028907E-02
-0.31295553E-01
 0.18553635E-01
 0.18553635E-01
-0.37109978E-01
 0.83028907E-02
 0.33490427E-01
-0.31295553E-01
 0.45835610E-01
 0.74364110E-02
-0.74364110E-02
 0.38624763E-01
 0.19872805E-01
-0.16429890E-01
 0.33070967E-01
 0.33070967E-01
-0.77419616E-02
 0.19872805E-01
 0.38624763E-01
-0.16429890E-01
 0.74364110E-02
 0.45835610E-01
-0.74364110E-02
 0.74364110E-02
-0.74364110E-02
 0.45835610E-01
 0.33490427E-01
-0.83028907E-02
 0.31295553E-01
 0.18553635E-01
-0.18553635E-01
 0.37109978E-01
 0.83028907E-02
-0.33490427E-01
 0.31295553E-01
 0.45835610E-01
-0.74364110E-02
 0.74364110E-02
 0.38624763E-01
-0.19872805E-01
 0.16429890E-01
 0.33070967E-01
-0.33070967E-01
 0.77419616E-02
 0.19872805E-01
-0.38624763E-01
 0.16429890E-01
 0.74364110E-02
-0.45835610E-01
 0.74364110E-02
 0.74364110E-02
-0.74364110E-02
-0.45835610E-01
 0.33490427E-01
-0.83028907E-02
-0.31295553E-01
 0.18553635E-01
-0.18553635E-01
-0.37109978E-01
 0.83028907E-02
-0.33490427E-01
-0.31295553E-01
 0.45835610E-01
-0.74364110E-02
-0.74364110E-02
 0.38624763E-01
-0.19872805E-01
-0.16429890E-01
 0.33070967E-01
-0.33070967E-01
-0.77419616E-02
 0.19872805E-01
-0.38624763E-01
-0.16429890E-01
 0.74364110E-02
-0.45835610E-01
-0.74364110E-02
-0.74364110E-02
 0.74364110E-02
 0.45835610E-01
-0.33490427E-01
 0.83028907E-02
 0.31295553E-01
-0.18553635E-01
 0.18553635E-01
 0.37109978E-01
-0.83028907E-02
 0.33490427E-01
 0.31295553E-01
-0.45835610E-01
 0.74364110E-02
 0.74364110E-02
-0.38624763E-01
 0.19872805E-01
 0.16429890E-01
-0.33070967E-01
 0.33070967E-01
 0.77419616E-02
-0.19872805E-01
 0.38624763E-01
 0.16429890E-01
-0.74364110E-02
 0.45835610E-01
 0.74364110E-02
-0.74364110E-02
 0.74364110E-02
-0.45835610E-01
-0.33490427E-01
 0.83028907E-02
-0.31295553E-01
-0.18553635E-01
 0.18553635E-01
-0.37109978E-01
-0.83028907E-02
 0.33490427E-01
-0.31295553E-01
-0.45835610E-01
 0.74364110E-02
-0.74364110E-02
-0.38624763E-01
 0.19872805E-01
-0.16429890E-01
-0.33070967E-01
 0.33070967E-01
-0.77419616E-02
-0.19872805E-01
 0.38624763E-01
-0.16429890E-01
-0.74364110E-02
 0.45835610E-01
-0.74364110E-02
-0.74364110E-02
-0.74364110E-02
 0.45835610E-01
-0.33490427E-01
-0.83028907E-02
 0.31295553E-01
-0.18553635E-01
-0.18553635E-01
 0.37109978E-01
-0.83028907E-02
-0.33490427E-01
 0.31295553E-01
-0.45835610E-01
-0.74364110E-02
 0.74364110E-02
-0.38624763E-01
-0.19872805E-01
 0.16429890E-01
-0.33070967E-01
-0.33070967E-01
 0.77419616E-02
-0.19872805E-01
-0.38624763E-01
 0.16429890E-01
-0.74364110E-02
-0.45835610E-01
 0.74364110E-02
-0.74364110E-02
-0.74364110E-02
-0.45835610E-01
-0.33490427E-01
-0.83028907E-02
-0.31295553E-01
-0.18553635E-01
-0.18553635E-01
-0.37109978E-01
-0.83028907E-02
-0.33490427E-01
-0.31295553E-01
-0.45835610E-01
-0.74364110E-02
-0.74364110E-02
-0.38624763E-01
-0.19872805E-01
-0.16429890E-01
-0.33070967E-01
-0.33070967E-01
-0.77419616E-02
-0.19872805E-01
-0.38624763E-01
-0.16429890E-01
-0.74364110E-02
-0.45835610E-01
-0.74364110E-02
-0.83343387E-02
-0.10545133E+00
-0.83343983E-02
-0.10545130E+00
 0.10587493E+01
-0.21031994E+00
-0.35402894E-01
-0.20854491E+00
-0.14383122E-01
-0.83661489E-01
 0.10623164E+01
-0.37973210E-01
-0.39771467E-01
-0.17282023E+00
-0.39771587E-01
-0.17282024E+00
 0.10156161E+01
-0.18374376E+00
-0.14383197E-01
-0.83661154E-01
-0.35402834E-01
-0.20854414E+00
 0.10623159E+01
-0.37972480E-01
-0.20510733E-01
-0.74412033E-01
-0.18224418E-02
-0.11573901E-01
 0.10895925E+01
 0.14687337E+00
-0.61140329E-01
-0.14454727E+00
-0.23306310E-01
-0.55640638E-01
 0.10665714E+01
 0.10054436E+00
-0.24511121E-01
-0.41236453E-01
-0.24511345E-01
-0.41236550E-01
 0.10868262E+01
 0.15367582E+00
-0.23306131E-01
-0.55640988E-01
-0.61140388E-01
-0.14454855E+00
 0.10665717E+01
 0.10054417E+00
-0.18227398E-02
-0.11573780E-01
-0.20511851E-01
-0.74411720E-01
 0.10895920E+01
 0.14687340E+00
 0.83341897E-02
 0.10545111E+00
 0.83345175E-02
 0.10545119E+00
 0.10587490E+01
-0.21031949E+00
 0.35401374E-01
 0.20854557E+00
 0.14383003E-01
 0.83661869E-01
 0.10623173E+01
-0.37973963E-01
 0.39771348E-01
 0.17281985E+00
 0.39772153E-01
 0.17281993E+00
 0.10156157E+01
-0.18374304E+00
 0.14382899E-01
 0.83661012E-01
 0.35402268E-01
 0.20854384E+00
 0.10623158E+01
-0.37972011E-01
 0.20510525E-01
 0.74411713E-01
 0.18225238E-02
 0.11574003E-01
 0.10895926E+01
 0.14687322E+00
 0.61141044E-01
 0.14454840E+00
 0.23306772E-01
 0.55641044E-01
 0.10665712E+01
 0.10054418E+00
 0.24510518E-01
 0.41236229E-01
 0.24511091E-01
 0.41236199E-01
 0.10868263E+01
 0.15367588E+00
 0.23306467E-01
 0.55641014E-01
 0.61141253E-01
 0.14454862E+00
 0.10665715E+01
 0.10054396E+00
 0.18226430E-02
 0.11573995E-01
 0.20511404E-01
 0.74411437E-01
 0.10895922E+01
 0.14687352E+00
-0.83344281E-02
-0.10545117E+00
 0.83345771E-02
 0.10545112E+00
 0.10587490E+01
-0.21031946E+00
-0.35402149E-01
-0.20854506E+00
 0.14382914E-01
 0.83661586E-01
 0.10623171E+01
-0.37973411E-01
-0.39771557E-01
-0.17282017E+00
 0.39771825E-01
 0.17282011E+00
 0.10156163E+01
-0.18374357E+00
-0.14383346E-01
-0.83661094E-01
 0.35402477E-01
 0.20854382E+00
 0.10623158E+01
-0.37972048E-01
-0.20510420E-01
-0.74411884E-01
 0.18224344E-02
 0.11574058E-01
 0.10895922E+01
 0.14687318E+00
-0.61141163E-01
-0.14454867E+00
 0.23306325E-01
 0.55641115E-01
 0.10665717E+01
 0.10054405E+00
-0.24511673E-01
-0.41236013E-01
 0.24511442E-01
 0.41235920E-01
 0.10868263E+01
 0.15367588E+00
-0.23306169E-01
-0.55641025E-01
 0.61140209E-01
 0.14454862E+00
 0.10665712E+01
 0.10054381E+00
-0.18225983E-02
-0.11573978E-01
 0.20511135E-01
 0.74411377E-01
 0.10895917E+01
 0.14687338E+00
 0.83343387E-02
 0.10545118E+00
-0.83344281E-02
-0.10545118E+00
 0.10587487E+01
-0.21031976E+00
 0.35402119E-01
 0.20854476E+00
-0.14382899E-01
-0.83661407E-01
 0.10623167E+01
-0.37973121E-01
 0.39771110E-01
 0.17282027E+00
-0.39771348E-01
-0.17282028E+00
 0.10156163E+01
-0.18374392E+00
 0.14382899E-01
 0.83661191E-01
-0.35402507E-01
-0.20854425E+00
 0.10623164E+01
-0.37972562E-01
 0.20510048E-01
 0.74412316E-01
-0.18221810E-02
-0.11573976E-01
 0.10895929E+01
 0.14687330E+00
 0.61141372E-01
 0.14454755E+00
-0.23306414E-01
-0.55640727E-01
 0.10665712E+01
 0.10054429E+00
 0.24511144E-01
 0.41236281E-01
-0.24511099E-01
-0.41236382E-01
 0.10868266E+01
 0.15367585E+00
 0.23306340E-01
 0.55640969E-01
-0.61140865E-01
-0.14454842E+00
 0.10665715E+01
 0.10054415E+00
 0.18226504E-02
 0.11573764E-01
-0.20511106E-01
-0.74411705E-01
 0.10895921E+01
 0.14687333E+00
 0.83342195E-02
 0.10545112E+00
-0.83344877E-02
-0.10545120E+00
 0.10587493E+01
-0.21031952E+00
 0.35401672E-01
 0.20854545E+00
-0.14383286E-01
-0.83661862E-01
 0.10623167E+01
-0.37974022E-01
 0.39771527E-01
 0.17281985E+00
-0.39772272E-01
-0.17281990E+00
 0.10156157E+01
-0.18374306E+00
 0.14382958E-01
 0.83660983E-01
-0.35402387E-01
-0.20854375E+00
 0.10623161E+01
-0.37971988E-01
 0.20510375E-01
 0.74411839E-01
-0.18224791E-02
-0.11574149E-01
 0.10895920E+01
 0.14687298E+00
 0.61140895E-01
 0.14454839E+00
-0.23306675E-01
-0.55641048E-01
 0.10665709E+01
 0.10054409E+00
 0.24509877E-01
 0.41236289E-01
-0.24510540E-01
-0.41236337E-01
 0.10868266E+01
 0.15367585E+00
 0.23306504E-01
 0.55641018E-01
-0.61141461E-01
-0.14454874E+00
 0.10665717E+01
 0.10054396E+00
 0.18228665E-02
 0.11574019E-01
-0.20511732E-01
-0.74411467E-01
 0.10895922E+01
 0.14687350E+00
-0.83343685E-02
-0.10545124E+00
 0.83344579E-02
 0.10545128E+00
 0.10587492E+01
-0.21031986E+00
-0.35402238E-01
-0.20854495E+00
 0.14383033E-01
 0.83661549E-01
 0.10623164E+01
-0.37973396E-01
-0.39771497E-01
-0.17282008E+00
 0.39771646E-01
 0.17282009E+00
 0.10156158E+01
-0.18374342E+00
-0.14382854E-01
-0.83661303E-01
 0.35402179E-01
 0.20854455E+00
 0.10623165E+01
-0.37972778E-01
-0.20510674E-01
-0.74412242E-01
 0.18228516E-02
 0.11573963E-01
 0.10895920E+01
 0.14687321E+00
-0.61140865E-01
-0.14454715E+00
 0.23306519E-01
 0.55640578E-01
 0.10665714E+01
 0.10054444E+00
-0.24510510E-01
-0.41236602E-01
 0.24510719E-01
 0.41236717E-01
 0.10868266E+01
 0.15367585E+00
-0.23306333E-01
-0.55641070E-01
 0.61141044E-01
 0.14454874E+00
 0.10665716E+01
 0.10054417E+00
-0.18229336E-02
-0.11573744E-01
 0.20512372E-01
 0.74411534E-01
 0.10895920E+01
 0.14687346E+00
 0.83345175E-02
 0.10545121E+00
 0.83345771E-02
 0.10545124E+00
 0.10587487E+01
-0.21031985E+00
 0.35401851E-01
 0.20854464E+00
 0.14382780E-01
 0.83661377E-01
 0.10623167E+01
-0.37973158E-01
 0.39771467E-01
 0.17282021E+00
 0.39771408E-01
 0.17282023E+00
 0.10156162E+01
-0.18374379E+00
 0.14382884E-01
 0.83661228E-01
 0.35401970E-01
 0.20854434E+00
 0.10623167E+01
-0.37972651E-01
 0.20511553E-01
 0.74411988E-01
 0.18225983E-02
 0.11573901E-01
 0.10895919E+01
 0.14687319E+00
 0.61140656E-01
 0.14454775E+00
 0.23305945E-01
 0.55640727E-01
 0.10665716E+01
 0.10054419E+00
 0.24510980E-01
 0.41236512E-01
 0.24510875E-01
 0.41236512E-01
 0.10868268E+01
 0.15367582E+00
 0.23306556E-01
 0.55641107E-01
 0.61141431E-01
 0.14454874E+00
 0.10665716E+01
 0.10054410E+00
 0.18230751E-02
 0.11573739E-01
 0.20511910E-01
 0.74411429E-01
 0.10895919E+01
 0.14687344E+00
-0.83343089E-02
-0.10545111E+00
-0.83344877E-02
-0.10545115E+00
 0.10587492E+01
-0.21031949E+00
-0.35401493E-01
-0.20854506E+00
-0.14382824E-01
-0.83661638E-01
 0.10623169E+01
-0.37973545E-01
-0.39771467E-01
-0.17282012E+00
-0.39771885E-01
-0.17282009E+00
 0.10156158E+01
-0.18374345E+00
-0.14383107E-01
-0.83661065E-01
-0.35402775E-01
-0.20854379E+00
 0.10623159E+01
-0.37971921E-01
-0.20510569E-01
-0.74412048E-01
-0.18231347E-02
-0.11574191E-01
 0.10895920E+01
 0.14687301E+00
-0.61141282E-01
-0.14454839E+00
-0.23307018E-01
-0.55641033E-01
 0.10665711E+01
 0.10054416E+00
-0.24510764E-01
-0.41236211E-01
-0.24511293E-01
-0.41236244E-01
 0.10868258E+01
 0.15367584E+00
-0.23306549E-01
-0.55641145E-01
-0.61140925E-01
-0.14454889E+00
 0.10665715E+01
 0.10054381E+00
-0.18229485E-02
-0.11574013E-01
-0.20511597E-01
-0.74411325E-01
 0.10895922E+01
 0.14687344E+00

