  20
 0.00000000E+00
 0.00000000E+00
 0.00000000E+00
 0.49999999E-02
 0.00000000E+00
 0.00000000E+00
 0.99999998E-02
 0.00000000E+00
 0.00000000E+00
 0.15000000E-01
 0.00000000E+00
 0.00000000E+00
 0.20000000E-01
 0.00000000E+00
 0.00000000E+00
 0.24999999E-01
 0.00000000E+00
 0.00000000E+00
 0.29999999E-01
 0.00000000E+00
 0.00000000E+00
 0.35000000E-01
 0.00000000E+00
 0.00000000E+00
 0.39999999E-01
 0.00000000E+00
 0.00000000E+00
 0.44999998E-01
 0.00000000E+00
 0.00000000E+00
 0.55000000E-01
 0.00000000E+00
 0.00000000E+00
 0.59999999E-01
 0.00000000E+00
 0.00000000E+00
 0.64999998E-01
 0.00000000E+00
 0.00000000E+00
 0.70000000E-01
 0.00000000E+00
 0.00000000E+00
 0.74999996E-01
 0.00000000E+00
 0.00000000E+00
 0.79999998E-01
 0.00000000E+00
 0.00000000E+00
 0.85000001E-01
 0.00000000E+00
 0.00000000E+00
 0.89999996E-01
 0.00000000E+00
 0.00000000E+00
 0.94999999E-01
 0.00000000E+00
 0.00000000E+00
 0.99999994E-01
 0.00000000E+00
 0.00000000E+00
-0.36749672E-07
 0.33015948E-07
-0.15803148E-07
 0.18628861E-07
 0.66097259E+00
-0.68415724E+00
-0.41215976E-07
 0.36980428E-07
 0.29942928E-08
 0.94181798E-08
 0.66872805E+00
-0.67649906E+00
-0.46177756E-07
 0.40716267E-07
 0.21467361E-07
 0.98515984E-09
 0.69173561E+00
-0.65319346E+00
-0.51484900E-07
 0.43899109E-07
 0.39689647E-07
-0.53237247E-08
 0.72914214E+00
-0.61327468E+00
-0.56895069E-07
 0.46056485E-07
 0.57386353E-07
-0.84913780E-08
 0.77959959E+00
-0.55519377E+00
-0.62260484E-07
 0.46686233E-07
 0.73821597E-07
-0.83458333E-08
 0.84099969E+00
-0.47697277E+00
-0.67460822E-07
 0.45375766E-07
 0.87742850E-07
-0.66638881E-08
 0.91042586E+00
-0.37641271E+00
-0.71215847E-07
 0.41775215E-07
 0.97521429E-07
-0.85297133E-08
 0.98404824E+00
-0.25170003E+00
-0.67429787E-07
 0.35335172E-07
 0.10222850E-06
-0.22992411E-07
 0.10567549E+01
-0.10320421E+00
-0.38525728E-07
 0.25090377E-07
 0.10671279E-06
-0.61470959E-07
 0.11194117E+01
 0.60289000E-01
-0.61079505E-07
 0.17200177E-07
-0.11363506E-07
-0.30631951E-07
 0.10269946E+01
 0.10250341E+00
-0.24659885E-07
 0.12985596E-07
-0.17847781E-09
-0.30549709E-07
 0.10182144E+01
 0.76349192E-01
-0.10652795E-07
 0.10339474E-07
 0.49937451E-08
-0.25016023E-07
 0.10138766E+01
 0.59662445E-01
-0.45858604E-08
 0.84014526E-08
 0.76251410E-08
-0.19566578E-07
 0.10108609E+01
 0.47705776E-01
-0.18467221E-08
 0.69086360E-08
 0.89076799E-08
-0.15189280E-07
 0.10086761E+01
 0.38787600E-01
-0.59714188E-09
 0.57333946E-08
 0.94236831E-08
-0.11861754E-07
 0.10070501E+01
 0.31970964E-01
-0.35889904E-10
 0.47967331E-08
 0.94952661E-08
-0.93672576E-08
 0.10058069E+01
 0.26663163E-01
 0.20029107E-09
 0.40437425E-08
 0.93137355E-08
-0.74941578E-08
 0.10048426E+01
 0.22467588E-01
 0.28259907E-09
 0.34337526E-08
 0.89924199E-08
-0.60754550E-08
 0.10040822E+01
 0.19107169E-01
 0.29327312E-09
 0.29360011E-08
 0.85991187E-08
-0.49885329E-08
 0.10034741E+01
 0.16384093E-01

