   354  704    3
  0.0000000 0.0000000 0.0260000
  0.0067293 0.0000000 0.0251141
  0.0066000-0.0013128 0.0251141
  0.0062171-0.0025752 0.0251141
  0.0130000 0.0000000 0.0225167
  0.0127502-0.0025362 0.0225167
  0.0120104-0.0049749 0.0225167
  0.0183848 0.0000000 0.0183848
  0.0180315-0.0035867 0.0183848
  0.0169853-0.0070356 0.0183848
  0.0225167 0.0000000 0.0130000
  0.0220840-0.0043928 0.0130000
  0.0208027-0.0086168 0.0130000
  0.0251141 0.0000000 0.0067293
  0.0246315-0.0048995 0.0067293
  0.0232024-0.0096107 0.0067293
  0.0260000 0.0000000 0.0000000
  0.0255004-0.0050723 0.0000000
  0.0240209-0.0099498 0.0000000
  0.0000000 0.0000000-0.0260000
  0.0067293 0.0000000-0.0251141
  0.0066000-0.0013128-0.0251141
  0.0062171-0.0025752-0.0251141
  0.0130000 0.0000000-0.0225167
  0.0127502-0.0025362-0.0225167
  0.0120104-0.0049749-0.0225167
  0.0183848 0.0000000-0.0183848
  0.0180315-0.0035867-0.0183848
  0.0169853-0.0070356-0.0183848
  0.0225167 0.0000000-0.0130000
  0.0220840-0.0043928-0.0130000
  0.0208027-0.0086168-0.0130000
  0.0251141 0.0000000-0.0067293
  0.0246315-0.0048995-0.0067293
  0.0232024-0.0096107-0.0067293
  0.0066000 0.0013128 0.0251141
  0.0127502 0.0025362 0.0225167
  0.0180315 0.0035867 0.0183848
  0.0220840 0.0043928 0.0130000
  0.0246315 0.0048995 0.0067293
  0.0255004 0.0050723 0.0000000
  0.0066000 0.0013128-0.0251141
  0.0127502 0.0025362-0.0225167
  0.0180315 0.0035867-0.0183848
  0.0220840 0.0043928-0.0130000
  0.0246315 0.0048995-0.0067293
  0.0062171 0.0025752 0.0251141
  0.0120104 0.0049749 0.0225167
  0.0169853 0.0070356 0.0183848
  0.0208027 0.0086168 0.0130000
  0.0232024 0.0096107 0.0067293
  0.0240209 0.0099498 0.0000000
  0.0062171 0.0025752-0.0251141
  0.0120104 0.0049749-0.0225167
  0.0169853 0.0070356-0.0183848
  0.0208027 0.0086168-0.0130000
  0.0232024 0.0096107-0.0067293
  0.0047583 0.0047583 0.0251141
  0.0055952 0.0037386 0.0251141
  0.0091924 0.0091924 0.0225167
  0.0108091 0.0072224 0.0225167
  0.0130000 0.0130000 0.0183848
  0.0152864 0.0102140 0.0183848
  0.0159217 0.0159217 0.0130000
  0.0187219 0.0125096 0.0130000
  0.0177583 0.0177583 0.0067293
  0.0208816 0.0139526 0.0067293
  0.0183848 0.0183848 0.0000000
  0.0216182 0.0144448 0.0000000
  0.0047583 0.0047583-0.0251141
  0.0055952 0.0037386-0.0251141
  0.0091924 0.0091924-0.0225167
  0.0108091 0.0072224-0.0225167
  0.0130000 0.0130000-0.0183848
  0.0152864 0.0102140-0.0183848
  0.0159217 0.0159217-0.0130000
  0.0187219 0.0125096-0.0130000
  0.0177583 0.0177583-0.0067293
  0.0208816 0.0139526-0.0067293
  0.0037386 0.0055952 0.0251141
  0.0072224 0.0108091 0.0225167
  0.0102140 0.0152864 0.0183848
  0.0125096 0.0187219 0.0130000
  0.0139526 0.0208816 0.0067293
  0.0144448 0.0216182 0.0000000
  0.0037386 0.0055952-0.0251141
  0.0072224 0.0108091-0.0225167
  0.0102140 0.0152864-0.0183848
  0.0125096 0.0187219-0.0130000
  0.0139526 0.0208816-0.0067293
  0.0025752 0.0062171 0.0251141
  0.0049749 0.0120104 0.0225167
  0.0070355 0.0169853 0.0183848
  0.0086168 0.0208027 0.0130000
  0.0096107 0.0232024 0.0067293
  0.0099498 0.0240209 0.0000000
  0.0025752 0.0062171-0.0251141
  0.0049749 0.0120104-0.0225167
  0.0070355 0.0169853-0.0183848
  0.0086168 0.0208027-0.0130000
  0.0096107 0.0232024-0.0067293
  0.0000000 0.0067293 0.0251141
  0.0013128 0.0066000 0.0251141
  0.0000000 0.0130000 0.0225167
  0.0025362 0.0127502 0.0225167
  0.0000000 0.0183848 0.0183848
  0.0035867 0.0180315 0.0183848
  0.0000000 0.0225167 0.0130000
  0.0043928 0.0220840 0.0130000
  0.0000000 0.0251141 0.0067293
  0.0048995 0.0246315 0.0067293
  0.0000000 0.0260000 0.0000000
  0.0050723 0.0255004 0.0000000
  0.0000000 0.0067293-0.0251141
  0.0013128 0.0066000-0.0251141
  0.0000000 0.0130000-0.0225167
  0.0025362 0.0127502-0.0225167
  0.0000000 0.0183848-0.0183848
  0.0035867 0.0180315-0.0183848
  0.0000000 0.0225167-0.0130000
  0.0043928 0.0220840-0.0130000
  0.0000000 0.0251141-0.0067293
  0.0048995 0.0246315-0.0067293
 -0.0013128 0.0066000 0.0251141
 -0.0025362 0.0127502 0.0225167
 -0.0035867 0.0180315 0.0183848
 -0.0043928 0.0220840 0.0130000
 -0.0048995 0.0246315 0.0067293
 -0.0050723 0.0255004 0.0000000
 -0.0013128 0.0066000-0.0251141
 -0.0025362 0.0127502-0.0225167
 -0.0035867 0.0180315-0.0183848
 -0.0043928 0.0220840-0.0130000
 -0.0048995 0.0246315-0.0067293
 -0.0025752 0.0062171 0.0251141
 -0.0049749 0.0120104 0.0225167
 -0.0070356 0.0169853 0.0183848
 -0.0086168 0.0208027 0.0130000
 -0.0096107 0.0232024 0.0067293
 -0.0099498 0.0240209 0.0000000
 -0.0025752 0.0062171-0.0251141
 -0.0049749 0.0120104-0.0225167
 -0.0070356 0.0169853-0.0183848
 -0.0086168 0.0208027-0.0130000
 -0.0096107 0.0232024-0.0067293
 -0.0047583 0.0047583 0.0251141
 -0.0037386 0.0055952 0.0251141
 -0.0091924 0.0091924 0.0225167
 -0.0072224 0.0108091 0.0225167
 -0.0130000 0.0130000 0.0183848
 -0.0102140 0.0152864 0.0183848
 -0.0159217 0.0159217 0.0130000
 -0.0125096 0.0187219 0.0130000
 -0.0177583 0.0177583 0.0067293
 -0.0139526 0.0208816 0.0067293
 -0.0183848 0.0183848 0.0000000
 -0.0144448 0.0216182 0.0000000
 -0.0047583 0.0047583-0.0251141
 -0.0037386 0.0055952-0.0251141
 -0.0091924 0.0091924-0.0225167
 -0.0072224 0.0108091-0.0225167
 -0.0130000 0.0130000-0.0183848
 -0.0102140 0.0152864-0.0183848
 -0.0159217 0.0159217-0.0130000
 -0.0125096 0.0187219-0.0130000
 -0.0177583 0.0177583-0.0067293
 -0.0139526 0.0208816-0.0067293
 -0.0055952 0.0037386 0.0251141
 -0.0108091 0.0072224 0.0225167
 -0.0152864 0.0102140 0.0183848
 -0.0187219 0.0125096 0.0130000
 -0.0208816 0.0139526 0.0067293
 -0.0216182 0.0144448 0.0000000
 -0.0055952 0.0037386-0.0251141
 -0.0108091 0.0072224-0.0225167
 -0.0152864 0.0102140-0.0183848
 -0.0187219 0.0125096-0.0130000
 -0.0208816 0.0139526-0.0067293
 -0.0062171 0.0025752 0.0251141
 -0.0120104 0.0049749 0.0225167
 -0.0169853 0.0070355 0.0183848
 -0.0208027 0.0086168 0.0130000
 -0.0232024 0.0096107 0.0067293
 -0.0240209 0.0099498 0.0000000
 -0.0062171 0.0025752-0.0251141
 -0.0120104 0.0049749-0.0225167
 -0.0169853 0.0070355-0.0183848
 -0.0208027 0.0086168-0.0130000
 -0.0232024 0.0096107-0.0067293
 -0.0067293 0.0000000 0.0251141
 -0.0066000 0.0013128 0.0251141
 -0.0130000 0.0000000 0.0225167
 -0.0127502 0.0025362 0.0225167
 -0.0183848 0.0000000 0.0183848
 -0.0180315 0.0035867 0.0183848
 -0.0225167 0.0000000 0.0130000
 -0.0220840 0.0043928 0.0130000
 -0.0251141 0.0000000 0.0067293
 -0.0246315 0.0048995 0.0067293
 -0.0260000 0.0000000 0.0000000
 -0.0255004 0.0050723 0.0000000
 -0.0067293 0.0000000-0.0251141
 -0.0066000 0.0013128-0.0251141
 -0.0130000 0.0000000-0.0225167
 -0.0127502 0.0025362-0.0225167
 -0.0183848 0.0000000-0.0183848
 -0.0180315 0.0035867-0.0183848
 -0.0225167 0.0000000-0.0130000
 -0.0220840 0.0043928-0.0130000
 -0.0251141 0.0000000-0.0067293
 -0.0246315 0.0048995-0.0067293
 -0.0066000-0.0013128 0.0251141
 -0.0127502-0.0025362 0.0225167
 -0.0180315-0.0035867 0.0183848
 -0.0220840-0.0043928 0.0130000
 -0.0246315-0.0048995 0.0067293
 -0.0255004-0.0050724 0.0000000
 -0.0066000-0.0013128-0.0251141
 -0.0127502-0.0025362-0.0225167
 -0.0180315-0.0035867-0.0183848
 -0.0220840-0.0043928-0.0130000
 -0.0246315-0.0048995-0.0067293
 -0.0062171-0.0025752 0.0251141
 -0.0120104-0.0049749 0.0225167
 -0.0169853-0.0070356 0.0183848
 -0.0208027-0.0086168 0.0130000
 -0.0232024-0.0096107 0.0067293
 -0.0240209-0.0099498 0.0000000
 -0.0062171-0.0025752-0.0251141
 -0.0120104-0.0049749-0.0225167
 -0.0169853-0.0070356-0.0183848
 -0.0208027-0.0086168-0.0130000
 -0.0232024-0.0096107-0.0067293
 -0.0047583-0.0047583 0.0251141
 -0.0055952-0.0037386 0.0251141
 -0.0091924-0.0091924 0.0225167
 -0.0108091-0.0072224 0.0225167
 -0.0130000-0.0130000 0.0183848
 -0.0152864-0.0102140 0.0183848
 -0.0159217-0.0159217 0.0130000
 -0.0187219-0.0125096 0.0130000
 -0.0177583-0.0177583 0.0067293
 -0.0208816-0.0139526 0.0067293
 -0.0183848-0.0183848 0.0000000
 -0.0216182-0.0144448 0.0000000
 -0.0047583-0.0047583-0.0251141
 -0.0055952-0.0037386-0.0251141
 -0.0091924-0.0091924-0.0225167
 -0.0108091-0.0072224-0.0225167
 -0.0130000-0.0130000-0.0183848
 -0.0152864-0.0102140-0.0183848
 -0.0159217-0.0159217-0.0130000
 -0.0187219-0.0125096-0.0130000
 -0.0177583-0.0177583-0.0067293
 -0.0208816-0.0139526-0.0067293
 -0.0037386-0.0055952 0.0251141
 -0.0072224-0.0108091 0.0225167
 -0.0102140-0.0152864 0.0183848
 -0.0125096-0.0187219 0.0130000
 -0.0139526-0.0208816 0.0067293
 -0.0144448-0.0216182 0.0000000
 -0.0037386-0.0055952-0.0251141
 -0.0072224-0.0108091-0.0225167
 -0.0102140-0.0152864-0.0183848
 -0.0125096-0.0187219-0.0130000
 -0.0139526-0.0208816-0.0067293
 -0.0025752-0.0062171 0.0251141
 -0.0049749-0.0120104 0.0225167
 -0.0070355-0.0169853 0.0183848
 -0.0086168-0.0208027 0.0130000
 -0.0096107-0.0232024 0.0067293
 -0.0099498-0.0240209 0.0000000
 -0.0025752-0.0062171-0.0251141
 -0.0049749-0.0120104-0.0225167
 -0.0070355-0.0169853-0.0183848
 -0.0086168-0.0208027-0.0130000
 -0.0096107-0.0232024-0.0067293
  0.0000000-0.0067293 0.0251141
 -0.0013128-0.0066000 0.0251141
  0.0000000-0.0130000 0.0225167
 -0.0025362-0.0127502 0.0225167
  0.0000000-0.0183848 0.0183848
 -0.0035867-0.0180315 0.0183848
  0.0000000-0.0225167 0.0130000
 -0.0043928-0.0220840 0.0130000
  0.0000000-0.0251141 0.0067293
 -0.0048995-0.0246315 0.0067293
  0.0000000-0.0260000 0.0000000
 -0.0050723-0.0255004 0.0000000
  0.0000000-0.0067293-0.0251141
 -0.0013128-0.0066000-0.0251141
  0.0000000-0.0130000-0.0225167
 -0.0025362-0.0127502-0.0225167
  0.0000000-0.0183848-0.0183848
 -0.0035867-0.0180315-0.0183848
  0.0000000-0.0225167-0.0130000
 -0.0043928-0.0220840-0.0130000
  0.0000000-0.0251141-0.0067293
 -0.0048995-0.0246315-0.0067293
  0.0013128-0.0066000 0.0251141
  0.0025362-0.0127502 0.0225167
  0.0035867-0.0180315 0.0183848
  0.0043928-0.0220840 0.0130000
  0.0048995-0.0246315 0.0067293
  0.0050723-0.0255004 0.0000000
  0.0013128-0.0066000-0.0251141
  0.0025362-0.0127502-0.0225167
  0.0035867-0.0180315-0.0183848
  0.0043928-0.0220840-0.0130000
  0.0048995-0.0246315-0.0067293
  0.0025752-0.0062171 0.0251141
  0.0049749-0.0120104 0.0225167
  0.0070356-0.0169853 0.0183848
  0.0086168-0.0208027 0.0130000
  0.0096107-0.0232024 0.0067293
  0.0099498-0.0240209 0.0000000
  0.0025752-0.0062171-0.0251141
  0.0049749-0.0120104-0.0225167
  0.0070356-0.0169853-0.0183848
  0.0086168-0.0208027-0.0130000
  0.0096107-0.0232024-0.0067293
  0.0047583-0.0047583 0.0251141
  0.0037386-0.0055952 0.0251141
  0.0091924-0.0091924 0.0225167
  0.0072224-0.0108091 0.0225167
  0.0130000-0.0130000 0.0183848
  0.0102140-0.0152864 0.0183848
  0.0159217-0.0159217 0.0130000
  0.0125096-0.0187219 0.0130000
  0.0177583-0.0177583 0.0067293
  0.0139526-0.0208816 0.0067293
  0.0183848-0.0183848 0.0000000
  0.0144448-0.0216182 0.0000000
  0.0047583-0.0047583-0.0251141
  0.0037386-0.0055952-0.0251141
  0.0091924-0.0091924-0.0225167
  0.0072224-0.0108091-0.0225167
  0.0130000-0.0130000-0.0183848
  0.0102140-0.0152864-0.0183848
  0.0159217-0.0159217-0.0130000
  0.0125096-0.0187219-0.0130000
  0.0177583-0.0177583-0.0067293
  0.0139526-0.0208816-0.0067293
  0.0055952-0.0037386 0.0251141
  0.0108091-0.0072224 0.0225167
  0.0152864-0.0102140 0.0183848
  0.0187219-0.0125096 0.0130000
  0.0208816-0.0139526 0.0067293
  0.0216182-0.0144448 0.0000000
  0.0055952-0.0037386-0.0251141
  0.0108091-0.0072224-0.0225167
  0.0152864-0.0102140-0.0183848
  0.0187219-0.0125096-0.0130000
  0.0208816-0.0139526-0.0067293
     2    1    3
     3    1    4
     5    2    6
     6    2    3
     6    3    7
     7    3    4
     8    5    9
     9    5    6
     9    6   10
    10    6    7
    11    8   12
    12    8    9
    12    9   13
    13    9   10
    14   11   15
    15   11   12
    15   12   16
    16   12   13
    17   14   18
    18   14   15
    18   15   19
    19   15   16
    21   22   20
    22   23   20
    24   25   21
    25   22   21
    25   26   22
    26   23   22
    27   28   24
    28   25   24
    28   29   25
    29   26   25
    30   31   27
    31   28   27
    31   32   28
    32   29   28
    33   34   30
    34   31   30
    34   35   31
    35   32   31
    17   18   33
    18   34   33
    18   19   34
    19   35   34
     2   36    1
    36   47    1
     5   37    2
    37   36    2
    37   48   36
    48   47   36
     8   38    5
    38   37    5
    38   49   37
    49   48   37
    11   39    8
    39   38    8
    39   50   38
    50   49   38
    14   40   11
    40   39   11
    40   51   39
    51   50   39
    17   41   14
    41   40   14
    41   52   40
    52   51   40
    21   20   42
    42   20   53
    24   21   43
    43   21   42
    43   42   54
    54   42   53
    27   24   44
    44   24   43
    44   43   55
    55   43   54
    30   27   45
    45   27   44
    45   44   56
    56   44   55
    33   30   46
    46   30   45
    46   45   57
    57   45   56
    17   33   41
    41   33   46
    41   46   52
    52   46   57
    58    1   59
    59    1   47
    60   58   61
    61   58   59
    61   59   48
    48   59   47
    62   60   63
    63   60   61
    63   61   49
    49   61   48
    64   62   65
    65   62   63
    65   63   50
    50   63   49
    66   64   67
    67   64   65
    67   65   51
    51   65   50
    68   66   69
    69   66   67
    69   67   52
    52   67   51
    70   71   20
    71   53   20
    72   73   70
    73   71   70
    73   54   71
    54   53   71
    74   75   72
    75   73   72
    75   55   73
    55   54   73
    76   77   74
    77   75   74
    77   56   75
    56   55   75
    78   79   76
    79   77   76
    79   57   77
    57   56   77
    68   69   78
    69   79   78
    69   52   79
    52   57   79
    58   80    1
    80   91    1
    60   81   58
    81   80   58
    81   92   80
    92   91   80
    62   82   60
    82   81   60
    82   93   81
    93   92   81
    64   83   62
    83   82   62
    83   94   82
    94   93   82
    66   84   64
    84   83   64
    84   95   83
    95   94   83
    68   85   66
    85   84   66
    85   96   84
    96   95   84
    70   20   86
    86   20   97
    72   70   87
    87   70   86
    87   86   98
    98   86   97
    74   72   88
    88   72   87
    88   87   99
    99   87   98
    76   74   89
    89   74   88
    89   88  100
   100   88   99
    78   76   90
    90   76   89
    90   89  101
   101   89  100
    68   78   85
    85   78   90
    85   90   96
    96   90  101
   102    1  103
   103    1   91
   104  102  105
   105  102  103
   105  103   92
    92  103   91
   106  104  107
   107  104  105
   107  105   93
    93  105   92
   108  106  109
   109  106  107
   109  107   94
    94  107   93
   110  108  111
   111  108  109
   111  109   95
    95  109   94
   112  110  113
   113  110  111
   113  111   96
    96  111   95
   114  115   20
   115   97   20
   116  117  114
   117  115  114
   117   98  115
    98   97  115
   118  119  116
   119  117  116
   119   99  117
    99   98  117
   120  121  118
   121  119  118
   121  100  119
   100   99  119
   122  123  120
   123  121  120
   123  101  121
   101  100  121
   112  113  122
   113  123  122
   113   96  123
    96  101  123
   102  124    1
   124  135    1
   104  125  102
   125  124  102
   125  136  124
   136  135  124
   106  126  104
   126  125  104
   126  137  125
   137  136  125
   108  127  106
   127  126  106
   127  138  126
   138  137  126
   110  128  108
   128  127  108
   128  139  127
   139  138  127
   112  129  110
   129  128  110
   129  140  128
   140  139  128
   114   20  130
   130   20  141
   116  114  131
   131  114  130
   131  130  142
   142  130  141
   118  116  132
   132  116  131
   132  131  143
   143  131  142
   120  118  133
   133  118  132
   133  132  144
   144  132  143
   122  120  134
   134  120  133
   134  133  145
   145  133  144
   112  122  129
   129  122  134
   129  134  140
   140  134  145
   146    1  147
   147    1  135
   148  146  149
   149  146  147
   149  147  136
   136  147  135
   150  148  151
   151  148  149
   151  149  137
   137  149  136
   152  150  153
   153  150  151
   153  151  138
   138  151  137
   154  152  155
   155  152  153
   155  153  139
   139  153  138
   156  154  157
   157  154  155
   157  155  140
   140  155  139
   158  159   20
   159  141   20
   160  161  158
   161  159  158
   161  142  159
   142  141  159
   162  163  160
   163  161  160
   163  143  161
   143  142  161
   164  165  162
   165  163  162
   165  144  163
   144  143  163
   166  167  164
   167  165  164
   167  145  165
   145  144  165
   156  157  166
   157  167  166
   157  140  167
   140  145  167
   146  168    1
   168  179    1
   148  169  146
   169  168  146
   169  180  168
   180  179  168
   150  170  148
   170  169  148
   170  181  169
   181  180  169
   152  171  150
   171  170  150
   171  182  170
   182  181  170
   154  172  152
   172  171  152
   172  183  171
   183  182  171
   156  173  154
   173  172  154
   173  184  172
   184  183  172
   158   20  174
   174   20  185
   160  158  175
   175  158  174
   175  174  186
   186  174  185
   162  160  176
   176  160  175
   176  175  187
   187  175  186
   164  162  177
   177  162  176
   177  176  188
   188  176  187
   166  164  178
   178  164  177
   178  177  189
   189  177  188
   156  166  173
   173  166  178
   173  178  184
   184  178  189
   190    1  191
   191    1  179
   192  190  193
   193  190  191
   193  191  180
   180  191  179
   194  192  195
   195  192  193
   195  193  181
   181  193  180
   196  194  197
   197  194  195
   197  195  182
   182  195  181
   198  196  199
   199  196  197
   199  197  183
   183  197  182
   200  198  201
   201  198  199
   201  199  184
   184  199  183
   202  203   20
   203  185   20
   204  205  202
   205  203  202
   205  186  203
   186  185  203
   206  207  204
   207  205  204
   207  187  205
   187  186  205
   208  209  206
   209  207  206
   209  188  207
   188  187  207
   210  211  208
   211  209  208
   211  189  209
   189  188  209
   200  201  210
   201  211  210
   201  184  211
   184  189  211
   190  212    1
   212  223    1
   192  213  190
   213  212  190
   213  224  212
   224  223  212
   194  214  192
   214  213  192
   214  225  213
   225  224  213
   196  215  194
   215  214  194
   215  226  214
   226  225  214
   198  216  196
   216  215  196
   216  227  215
   227  226  215
   200  217  198
   217  216  198
   217  228  216
   228  227  216
   202   20  218
   218   20  229
   204  202  219
   219  202  218
   219  218  230
   230  218  229
   206  204  220
   220  204  219
   220  219  231
   231  219  230
   208  206  221
   221  206  220
   221  220  232
   232  220  231
   210  208  222
   222  208  221
   222  221  233
   233  221  232
   200  210  217
   217  210  222
   217  222  228
   228  222  233
   234    1  235
   235    1  223
   236  234  237
   237  234  235
   237  235  224
   224  235  223
   238  236  239
   239  236  237
   239  237  225
   225  237  224
   240  238  241
   241  238  239
   241  239  226
   226  239  225
   242  240  243
   243  240  241
   243  241  227
   227  241  226
   244  242  245
   245  242  243
   245  243  228
   228  243  227
   246  247   20
   247  229   20
   248  249  246
   249  247  246
   249  230  247
   230  229  247
   250  251  248
   251  249  248
   251  231  249
   231  230  249
   252  253  250
   253  251  250
   253  232  251
   232  231  251
   254  255  252
   255  253  252
   255  233  253
   233  232  253
   244  245  254
   245  255  254
   245  228  255
   228  233  255
   234  256    1
   256  267    1
   236  257  234
   257  256  234
   257  268  256
   268  267  256
   238  258  236
   258  257  236
   258  269  257
   269  268  257
   240  259  238
   259  258  238
   259  270  258
   270  269  258
   242  260  240
   260  259  240
   260  271  259
   271  270  259
   244  261  242
   261  260  242
   261  272  260
   272  271  260
   246   20  262
   262   20  273
   248  246  263
   263  246  262
   263  262  274
   274  262  273
   250  248  264
   264  248  263
   264  263  275
   275  263  274
   252  250  265
   265  250  264
   265  264  276
   276  264  275
   254  252  266
   266  252  265
   266  265  277
   277  265  276
   244  254  261
   261  254  266
   261  266  272
   272  266  277
   278    1  279
   279    1  267
   280  278  281
   281  278  279
   281  279  268
   268  279  267
   282  280  283
   283  280  281
   283  281  269
   269  281  268
   284  282  285
   285  282  283
   285  283  270
   270  283  269
   286  284  287
   287  284  285
   287  285  271
   271  285  270
   288  286  289
   289  286  287
   289  287  272
   272  287  271
   290  291   20
   291  273   20
   292  293  290
   293  291  290
   293  274  291
   274  273  291
   294  295  292
   295  293  292
   295  275  293
   275  274  293
   296  297  294
   297  295  294
   297  276  295
   276  275  295
   298  299  296
   299  297  296
   299  277  297
   277  276  297
   288  289  298
   289  299  298
   289  272  299
   272  277  299
   278  300    1
   300  311    1
   280  301  278
   301  300  278
   301  312  300
   312  311  300
   282  302  280
   302  301  280
   302  313  301
   313  312  301
   284  303  282
   303  302  282
   303  314  302
   314  313  302
   286  304  284
   304  303  284
   304  315  303
   315  314  303
   288  305  286
   305  304  286
   305  316  304
   316  315  304
   290   20  306
   306   20  317
   292  290  307
   307  290  306
   307  306  318
   318  306  317
   294  292  308
   308  292  307
   308  307  319
   319  307  318
   296  294  309
   309  294  308
   309  308  320
   320  308  319
   298  296  310
   310  296  309
   310  309  321
   321  309  320
   288  298  305
   305  298  310
   305  310  316
   316  310  321
   322    1  323
   323    1  311
   324  322  325
   325  322  323
   325  323  312
   312  323  311
   326  324  327
   327  324  325
   327  325  313
   313  325  312
   328  326  329
   329  326  327
   329  327  314
   314  327  313
   330  328  331
   331  328  329
   331  329  315
   315  329  314
   332  330  333
   333  330  331
   333  331  316
   316  331  315
   334  335   20
   335  317   20
   336  337  334
   337  335  334
   337  318  335
   318  317  335
   338  339  336
   339  337  336
   339  319  337
   319  318  337
   340  341  338
   341  339  338
   341  320  339
   320  319  339
   342  343  340
   343  341  340
   343  321  341
   321  320  341
   332  333  342
   333  343  342
   333  316  343
   316  321  343
   322  344    1
   344    4    1
   324  345  322
   345  344  322
   345    7  344
     7    4  344
   326  346  324
   346  345  324
   346   10  345
    10    7  345
   328  347  326
   347  346  326
   347   13  346
    13   10  346
   330  348  328
   348  347  328
   348   16  347
    16   13  347
   332  349  330
   349  348  330
   349   19  348
    19   16  348
   334   20  350
   350   20   23
   336  334  351
   351  334  350
   351  350   26
    26  350   23
   338  336  352
   352  336  351
   352  351   29
    29  351   26
   340  338  353
   353  338  352
   353  352   32
    32  352   29
   342  340  354
   354  340  353
   354  353   35
    35  353   32
   332  342  349
   349  342  354
   349  354   19
    19  354   35

